1.019230361034819711e-02 5.866157533849837569e-02 6.759453616180194878e-03 3.237066021422264628e-01 6.490120880247357907e-03 1.747838872516635778e-01 3.773254073557209542e-01 2.613888839680116385e-02 1.354034185616407107e-02 2.399815659016858033e-03 1.603530637697698968e-06
1.843177656426433011e-02 1.078256117412376286e-01 4.388651206408147876e-03 2.528438648613643425e-01 1.518699210363800602e-02 2.208492203092805028e-01 3.189616404699293084e-01 4.053169381879687810e-02 1.856011949740668174e-02 2.413970106859318794e-03 6.458944725896467947e-06
2.125434067872172469e-02 1.347730559307985798e-01 1.983049229648422423e-02 1.828771760410272673e-01 4.227697072306592363e-02 2.581338106634989416e-01 2.600515824026868317e-01 5.329125770746755836e-02 2.500193686105976060e-02 2.495447225199939022e-03 1.392907607587405997e-05
1.715947779337339413e-02 1.179302464831913921e-01 7.439199961267413397e-02 1.381505246634087691e-01 6.893720252087628952e-02 2.771106923150541412e-01 2.103607292596000877e-01 6.234848447137036898e-02 3.081270138580852885e-02 2.775033419084807322e-03 2.290766420812712084e-05
1.377716365261595806e-02 6.382122617576380108e-02 1.692441441965686910e-01 1.182608193655263484e-01 8.399056069777544042e-02 2.722887600019853749e-01 1.738206015082199851e-01 6.652840330703480021e-02 3.496190145183260267e-02 3.274232724528973026e-03 3.218649412334599944e-05
1.810437145988849639e-02 1.204721050069671763e-02 2.650054639243002996e-01 1.176730932681107067e-01 8.513580544259152783e-02 2.442682715324241971e-01 1.505581222304492595e-01 6.538252238307734610e-02 3.788541267777113808e-02 3.899779559701175950e-03 3.994659089634764658e-05
2.433974224127702368e-02 9.220421860721561211e-03 3.028177832583200946e-01 1.454893816060403300e-01 7.493182308381178547e-02 1.999786380165113342e-01 1.384865071060462638e-01 5.949956924738540598e-02 4.066130197158003556e-02 4.530905306377602110e-03 4.392587117413473383e-05
1.981855035381852037e-02 6.490828100122049416e-02 2.574584067537233900e-01 2.172812773099916939e-01 5.664800055094303122e-02 1.498015932135828843e-01 1.343724086453317035e-01 5.056226908432739919e-02 4.401502932609563379e-02 5.091530554440687299e-03 4.265277767686842227e-05
6.150029066144824426e-03 1.343886462961552675e-01 1.672304033600988393e-01 3.239653389828249797e-01 3.555362063748891688e-02 1.034279062345307698e-01 1.349829819785557383e-01 4.072564292813257714e-02 4.796067472801124332e-02 5.578207434391417759e-03 3.654792556690308295e-05
4.874235390311464772e-03 1.563311423246331600e-01 1.031335296641211069e-01 4.177155054914050147e-01 2.326605782610930220e-02 6.687475143522253473e-02 1.379005802920820756e-01 3.176664726894228713e-02 5.205389269080640258e-02 6.055660902534772648e-03 2.799628295068279593e-05
3.135607320497534045e-02 1.131281916123141468e-01 1.104492062103881317e-01 4.409016068910999175e-01 3.419597037707244880e-02 4.132095931132057781e-02 1.415997181042104314e-01 2.459264953125929812e-02 5.581623372609188782e-02 6.618820550520244927e-03 2.057004299949472675e-05
6.842600189106490260e-02 5.056909840011315771e-02 1.834260446614202344e-01 3.715425858496563816e-01 7.105388255900579875e-02 2.426585859182604776e-02 1.451521679625403516e-01 1.924044404805604416e-02 5.897462595499331633e-02 7.331413897060471210e-03 1.787573750768978002e-05
8.038434885448073053e-02 3.564266544816794419e-02 2.837232521250655504e-01 2.399402078920671866e-01 1.149926429435191716e-01 1.266303573119520812e-02 1.478403732161480688e-01 1.520069784614591982e-02 6.142272286216927946e-02 8.167875371083446745e-03 2.217725574536268015e-05
5.421167475416754922e-02 9.659809093999741081e-02 3.690971087527683547e-01 1.060121338630754528e-01 1.362635547826584470e-01 5.242851719318695515e-03 1.486213777861489227e-01 1.191419716177287771e-02 6.302652630882570051e-02 8.979459170415166752e-03 3.302430519596071516e-05
1.619209431625445728e-02 2.021132334563591204e-01 4.114434910301601467e-01 2.120078211460790438e-02 1.189057947461171216e-01 1.779909059843745502e-03 1.460227347937173570e-01 9.292331980128326618e-03 6.349434941278837841e-02 9.508612247108839954e-03 4.666639536326675983e-05
5.058443428500895497e-03 2.918043981825504951e-01 4.041824737828128011e-01 2.308653870838121586e-03 7.656540611131779084e-02 1.052238360511738345e-03 1.390447699522323055e-01 7.955783993244243055e-03 6.248864397554033945e-02 9.481836725508915528e-03 5.735118812567771519e-05
3.443699364120297868e-02 3.243492901898783476e-01 3.588523807265681653e-01 3.068673006280539517e-02 4.501927846807051575e-02 9.793426140451196721e-04 1.280393849598654987e-01 8.875520871959263064e-03 5.994112795547451578e-02 8.759350166326378834e-03 6.059994294448342768e-05
8.210741188966502735e-02 3.017533003898607014e-01 2.937350052992189209e-01 7.195343601199788441e-02 5.901910868380526309e-02 8.881561425062375762e-04 1.141670791334949558e-01 1.265738021389227475e-02 5.622861233293562078e-02 7.434303922350711177e-03 5.620561306867291661e-05
1.114607987832221120e-01 2.546266855245247207e-01 2.246586732329828862e-01 9.923465327619013232e-02 1.326379337923015433e-01 2.169214353240760465e-03 9.827414312025133103e-02 1.921475615213528651e-02 5.188016050493128584e-02 5.794894212887150703e-03 4.808671601872104630e-05
1.029477597941571565e-01 2.082054743728723456e-01 1.630705215256755825e-01 1.052802747258617527e-01 2.539520411960500823e-01 5.987528584578676906e-03 8.124643280058282957e-02 2.803978120732794621e-02 4.703379425751021831e-02 4.195301494487005400e-03 4.108974507985051802e-05
6.790330817043074840e-02 1.640570626676912946e-01 1.166358350970336660e-01 1.007523275983080446e-01 3.907320040256953564e-01 1.189760301643109919e-02 6.525505616088853045e-02 3.851269766030652325e-02 4.128707622912925618e-02 2.929289685307292970e-03 3.773942688455449190e-05
3.373292262529814511e-02 1.133014520216833465e-01 8.756665628425361336e-02 1.051368456857755540e-01 5.008398356958720932e-01 2.008810545029693015e-02 5.306186168555071525e-02 4.989089363662690263e-02 3.420728922044512232e-02 2.136587989201650401e-03 3.754947483924481720e-05
1.690795896445930480e-02 6.149608076557447345e-02 7.095966162438838154e-02 1.366150156911995484e-01 5.460379910549212346e-01 3.358579574052478894e-02 4.538216621185743593e-02 6.120513389213930178e-02 2.600682941591770866e-02 1.764453650250671479e-03 3.891278750544980354e-05
1.197164460828372204e-02 3.322835278634813511e-02 5.858952194135780278e-02 2.022823487868375680e-01 5.073750260983451721e-01 5.603198735292912180e-02 3.987554622414122424e-02 7.127248883561095039e-02 1.770112440672538812e-02 1.630703809902211976e-03 4.125497352393078961e-05
5.965094948582455418e-03 4.922555193240583937e-02 4.848516813616286086e-02 2.895640803411357322e-01 3.952496203406110631e-01 8.712961036472188781e-02 3.340422844022749443e-02 7.872610827289019952e-02 1.064194153515712546e-02 1.563235115946459090e-03 4.536041730585848805e-05
5.614135944655786236e-04 9.911208744918176272e-02 5.152822344245857472e-02 3.649971771392055420e-01 2.478583834870426716e-01 1.216043832750081377e-01 2.477144034541920933e-02 8.211994839296114790e-02 5.891181236818568770e-03 1.503472481613133977e-03 5.228901776584418887e-05
1.536571973434715417e-02 1.427239682466060477e-01 8.308075426219982407e-02 3.875362732367413354e-01 1.162298523500436276e-01 1.541087207378907531e-01 1.510097362853505404e-02 8.041424711033562378e-02 3.880660296230919754e-03 1.496286002625038525e-03 6.254426830658323913e-05
6.144050956828547155e-02 1.527825593544683835e-01 1.414222818423175321e-01 3.333856801453547458e-01 3.833947216598748708e-02 1.861399599100574398e-01 6.595070322082547884e-03 7.374444859351647619e-02 4.471582811161936219e-03 1.602673645034202905e-03 7.576152176103354344e-05
1.122216953519339366e-01 1.563493567721486455e-01 1.967971170589520036e-01 2.171052724766588116e-01 1.577432820052707130e-02 2.271796406335251373e-01 1.596453092194673185e-03 6.377853882795833651e-02 7.279438643498782960e-03 1.828003761510280968e-03 9.015506015693793658e-05
1.198425017301660289e-01 2.062930617526889387e-01 2.116734281794914185e-01 9.104239795425017601e-02 1.659219482278809221e-02 2.851187413953792937e-01 2.075796879859138216e-03 5.315005072038718470e-02 1.199616559521826491e-02 2.113532670498649221e-03 1.021281694945002039e-04
7.226812733407114719e-02 2.987012985504196028e-01 1.766487556474297116e-01 1.599677596757553832e-02 1.005377316427058000e-02 3.518838215978213335e-01 9.064503162197784514e-03 4.442435733473673598e-02 1.848188618983907100e-02 2.369301405395957127e-03 1.073994992679541612e-04
1.596469046976214945e-02 3.508491275004569920e-01 1.212889633586116539e-01 1.983037158450776105e-02 1.005811184937403509e-04 4.006357711714321757e-01 2.257074638035624220e-02 3.948996989491602300e-02 2.665332286071127321e-02 2.512842969732564588e-03 1.036125186457621035e-04
3.475050386119818771e-03 2.909933348936047381e-01 8.456436114470625154e-02 7.786145281248992023e-02 1.874515457844138158e-02 4.038447899538392116e-01 4.204286404737316712e-02 3.949094549734544213e-02 3.638917988722949887e-02 2.500620000074528764e-03 9.224659328654189437e-05
3.239635238581586862e-02 1.518454292662416438e-01 7.829116117554918430e-02 1.332502610721094660e-01 8.611165083987150359e-02 3.573647600961834536e-01 6.585191658992595176e-02 4.493389416349265891e-02 4.752847180227157825e-02 2.348425920427302423e-03 7.767644285260059858e-05
5.722097077399933979e-02 4.345750647395390381e-02 8.298177528995231977e-02 1.406566151907342466e-01 1.837759225272919128e-01 2.843274725012752135e-01 8.971570220442583177e-02 5.595797641722987520e-02 5.970508110414883551e-02 2.136915454296398325e-03 6.406177432452977007e-05
5.272186965665023872e-02 3.838386626038198940e-02 7.339110137657374466e-02 9.776018390396593039e-02 2.703551827438124278e-01 2.138660163598550545e-01 1.070160292113045836e-01 7.266225117503626041e-02 7.179279133912817856e-02 1.997500987803269012e-03 5.320665626421398398e-05
4.108499219892845084e-02 1.082482251028959452e-01 4.341842044897561981e-02 3.996508783523471109e-02 3.178459666928618588e-01 1.588305988311452532e-01 1.120341315251254105e-01 9.508600408895521994e-02 8.137877799425598246e-02 2.062628509356421568e-03 4.516641163305197250e-05
5.367994364361327458e-02 1.716718885442682085e-01 1.255683456594344771e-02 5.267638832958197043e-03 3.284320723278125187e-01 1.152029116951002324e-01 1.031173433311646098e-01 1.223881488035458154e-01 8.526526322014806036e-02 2.378462808418633709e-03 3.949185011529229416e-05
8.666508163853120505e-02 1.777918856206324449e-01 1.456742552811030392e-02 3.206174476636483757e-03 3.216860887034503902e-01 7.681522382856348363e-02 8.364696407486597873e-02 1.513980846871375574e-01 8.134337406459107855e-02 2.845020107363608209e-03 3.467689471231620276e-05
1.070789724010574873e-01 1.339493879219652850e-01 7.377858398417805330e-02 1.555602831737015919e-02 3.143488196638791199e-01 4.414873829121346988e-02 6.065890063106102459e-02 1.768582538533727821e-01 7.032633603615699724e-02 3.267903370304732144e-03 2.807517137256760362e-05
9.384672588414094685e-02 7.505488853067003585e-02 1.803817540678778197e-01 2.186485952217048084e-02 3.124651467564825702e-01 2.133409247325251251e-02 4.081300583910500712e-02 1.953721859471091449e-01 5.535744057796657125e-02 3.491207287662169336e-03 1.869278327608842928e-05
6.137002306008512709e-02 2.817271021873803474e-02 2.867530941912052045e-01 1.871907859719727438e-02 3.150818969710388329e-01 1.108997027325935893e-02 2.615371718449110289e-02 2.092318821742864543e-01 3.993490820810605135e-02 3.483425920733663854e-03 9.292901663773076167e-06
4.390249503674133191e-02 3.407135139692396477e-03 3.373169612591651600e-01 1.453514160344652507e-02 3.184216441885486248e-01 1.391463966965620150e-02 1.499030648295307522e-02 2.236411955762106218e-01 2.654727741737943070e-02 3.318783025046295396e-03 4.420329930558075063e-06
6.161333019730506899e-02 4.344604805528513858e-03 3.089236626316906875e-01 1.307208498690514038e-02 3.158811205474569839e-01 2.973662214965304071e-02 7.368274108966356081e-03 2.391958364240036883e-01 1.675983633219245775e-02 3.097821600156887463e-03 6.805966167425681830e-06
1.007923831379529955e-01 3.874716846183039881e-02 2.221927739940490198e-01 9.460120785149496447e-03 2.990823489822165837e-01 5.892258676261366568e-02 7.219807112753775895e-03 2.494097346732219445e-01 1.129207562077349201e-02 2.865275965597957521e-03 1.572426890509477930e-05
1.236214680442784680e-01 1.139475628249658756e-01 1.183431696358111379e-01 3.632428888122829665e-03 2.625359454467239284e-01 1.011345911045311574e-01 1.765488634844980878e-02 2.469042979881723443e-01 9.609080717007098538e-03 2.589015905645355217e-03 2.755287370071506773e-05
1.003980828717122298e-01 2.142124957048072986e-01 3.564209686846250835e-02 1.245904861630139741e-02 2.061768127823043473e-01 1.523315182652994759e-01 3.573571819878541139e-02 2.305622820532767792e-01 1.022318596826215370e-02 2.221303642010968686e-03 3.745481958541404610e-05
4.340305012587061112e-02 2.810179159420832518e-01 6.344315834766634833e-03 5.898638396520029803e-02 1.344938327155270896e-01 2.026124744367292507e-01 5.366667305315850345e-02 2.058191620861286597e-01 1.185135577447036376e-02 1.763005293072827289e-03 4.183057943763973310e-05
5.965699063723590295e-03 2.432623544096349233e-01 4.952141802366297196e-02 1.432992991364847035e-01 6.000402400592064200e-02 2.383342443287390644e-01 6.490099678127410343e-02 1.793883722085221621e-01 1.401399378790125529e-02 1.269345548232771528e-03 4.025252872538966938e-05
2.156125689357082237e-02 1.121168192192652791e-01 1.375461798429817584e-01 2.290941322038109185e-01 9.749985304907036326e-03 2.492519688974823566e-01 6.826517412596068424e-02 1.549891411497795746e-01 1.656895122583465843e-02 8.212303260013288468e-04 3.516064780879176648e-05
4.931903248574420751e-02 2.233864463445099646e-02 1.870462029533679904e-01 2.666041098952535715e-01 1.857569230145077882e-02 2.363080888671106883e-01 6.668769912423659629e-02 1.334338131700913421e-01 1.917191896850412025e-02 4.850997302213768672e-04 2.969771892074651585e-05
3.257508008386121590e-02 8.261338517348318367e-02 1.404826792833879234e-01 2.279716366174407149e-01 1.046165032721419058e-01 2.116963041389934852e-01 6.357922461156181870e-02 1.148452248194058445e-01 2.131822710437587809e-02 2.759072073806267088e-04 2.582754744825917494e-05
8.544905130602542878e-04 1.996732834660471800e-01 5.205221489095909065e-02 1.281677757096669201e-01 2.476522248845643148e-01 1.878975799775299549e-01 6.116848767576410495e-02 9.970410635246505782e-02 2.264879732313180433e-02 1.569817053905687575e-04 2.405737092475227138e-05
2.621643192996336857e-02 1.974361565260865370e-01 1.650618031800810473e-02 2.971804470455770633e-02 3.912907628180877229e-01 1.659398587582113227e-01 6.115408489642217005e-02 8.850653123682133971e-02 2.312723442495111248e-02 8.059773703337687627e-05 2.411652973649190307e-05
9.079477329523627516e-02 8.689012019227856931e-02 3.215161314463877568e-02 1.351215073442789925e-02 4.695047221518413583e-01 1.372596248193301560e-01 6.538075487297143051e-02 8.140183746684326316e-02 2.305143436432088855e-02 2.747131876960139476e-05 2.549752886011602605e-05
1.117821546377545661e-01 2.309764803966634847e-02 3.533316283495392673e-02 1.128535148435249186e-01 4.424107869948283867e-01 9.809149797906266399e-02 7.551999830276208414e-02 7.792586720342142836e-02 2.294789070694066430e-02 9.948838008707745322e-06 2.752951582812249859e-05
8.457016309158937872e-02 3.962081983235086341e-02 2.405135386964976640e-02 2.797668353621349802e-01 3.211478160207402732e-01 5.834402346175138199e-02 9.239935344167256315e-02 7.668814162555660785e-02 2.333590913999846611e-02 4.637768950849232127e-05 2.920636500628249387e-05
8.017445768779588033e-02 4.974659951586837825e-02 3.459212230561101165e-02 4.217255173610351404e-01 1.652788683402578174e-01 3.247762684904476754e-02 1.155925267876642959e-01 7.577218491262398270e-02 2.447439642048421932e-02 1.363975831081018042e-04 2.930213541642438292e-05
1.171825467910238144e-01 4.388792162690197812e-02 6.432712840178153590e-02 4.593552013258525024e-01 4.845692304168590370e-02 2.315771853972748914e-02 1.430985814523844935e-01 7.394556912281376182e-02 2.631037445667806784e-02 2.508450654309134827e-04 2.719007004508699495e-05
1.451544019948932673e-01 6.788478644810579110e-02 1.141346493473810453e-01 3.720073393101696047e-01 1.091736664490174959e-02 1.909335967877565099e-02 1.700300287703630231e-01 7.179437320408736667e-02 2.862248520682454667e-02 3.374127813319158752e-04 2.379650104126334996e-05
1.358031973296176809e-01 8.860751816351847276e-02 2.219269458341578682e-01 2.144030806687142465e-01 3.819915821894237506e-02 1.067388298637065615e-02 1.868256719436641178e-01 7.207283713016512938e-02 3.111860477661568258e-02 3.478636165570701691e-04 2.123921272754528337e-05
1.070193584010402099e-01 5.819120404477289010e-02 3.731203304435483648e-01 7.523083661402829581e-02 8.856356229563154547e-02 4.079003465289793122e-03 1.815747713605057878e-01 7.851021990461895528e-02 3.341024050485619235e-02 2.794277764838640839e-04 2.104506413140866874e-05
7.643650055788858699e-02 2.061079080286240886e-02 4.597322804080541392e-01 9.561824360943068854e-03 1.383227541267407767e-01 1.802421619575851619e-02 1.490885584397040886e-01 9.287925419056544674e-02 3.512318521332143118e-02 1.972099837641227375e-04 2.342558984896572538e-05
4.714410381403397882e-02 3.245710702823491334e-02 4.011729022950571433e-01 1.031087223650137101e-02 1.913235288467737549e-01 6.861542307075021996e-02 9.968243601573625878e-02 1.128080711830160149e-01 3.624936114783047780e-02 2.072397495932198105e-04 2.895447634827068769e-05
2.374147660326438036e-02 6.674322645290961531e-02 2.457474483829137080e-01 3.385301167592412452e-02 2.465783597659045312e-01 1.552622147231345340e-01 5.666359645279375745e-02 1.337503214630254011e-01 3.722477938093738531e-02 3.960854906460115174e-04 3.947946544066323056e-05
1.145838107127023636e-02 7.228122501079307927e-02 1.037100243215694217e-01 4.816165605912468145e-02 2.757622108990416820e-01 2.543389167904833159e-01 4.109847954729556330e-02 1.539673087519408679e-01 3.837735236581726189e-02 7.891933644936480370e-04 5.525166581231268981e-05
8.827745189261056169e-03 5.521375389328113392e-02 3.421470535059144974e-02 5.372327299347712942e-02 2.481434457878302635e-01 3.263552998910771996e-01 5.597151012336246123e-02 1.767131928652646011e-01 3.942410052150884664e-02 1.341595899410128303e-03 7.137732119902742234e-05
1.285069496538688606e-02 5.122096273009182216e-02 3.217375381343667851e-02 5.823142225345079998e-02 1.736417282950928620e-01 3.391411546702180480e-01 8.431235280781668173e-02 2.067336711048994025e-01 3.967530973721828530e-02 1.939369836666704483e-03 7.957960985257514226e-05
2.396636657737187190e-02 6.575747585122795891e-02 7.548139776712931015e-02 5.114331049829672071e-02 1.039390118228643856e-01 2.910617147870574462e-01 1.026583909062570160e-01 2.450024390027097931e-01 3.849193865165606576e-02 2.422019284924327269e-03 7.593466417813613618e-05
4.229185636650571734e-02 7.525118833935874607e-02 1.434072484498637445e-01 2.446503321301413125e-02 8.251290109694910113e-02 2.097963818457633800e-01 9.714425417747685199e-02 2.869163379085817867e-01 3.550604691741074403e-02 2.642352365269165764e-03 6.639912725407632113e-05
6.375904662742849782e-02 6.252663491197535395e-02 2.093513680650796183e-01 3.552847174714060096e-03 1.025482856970666434e-01 1.287831580139501830e-01 7.102342900151931149e-02 3.249909450020570523e-01 3.085952841760851439e-02 2.542693297261370850e-03 6.206359808466612121e-05
8.194021888780772533e-02 3.655897894891416838e-02 2.491010485086392889e-01 2.088356797405435672e-02 1.207945368446160100e-01 6.827915715427090859e-02 4.142450377475639933e-02 3.532765883867264312e-01 2.547532321752276480e-02 2.197213214217155677e-03 6.886289938089139545e-05
9.313682011889706791e-02 2.415936884024851711e-02 2.577330560587349217e-01 6.505512711448047103e-02 1.063673691563554041e-01 3.357957860707960068e-02 2.739252106689403846e-02 3.698543570213304599e-01 2.086594084434828522e-02 1.771964874550391311e-03 8.389611406378182784e-05
9.954800228833399212e-02 3.851089743411331701e-02 2.470701025699449382e-01 9.352906014440202920e-02 6.678617807760453551e-02 2.288104263591473134e-02 3.531295123027444749e-02 3.763508830869510824e-01 1.848915283303197502e-02 1.421019275068645090e-03 1.007102460518999814e-04
1.061305028179110460e-01 6.117007175601379965e-02 2.301713720172379185e-01 8.837476500266364110e-02 2.816511181457683616e-02 3.683863896451581438e-02 5.205914632825464627e-02 3.765139282643489849e-01 1.925465995470919400e-02 1.206742829718960869e-03 1.150600728243608803e-04
1.132319143993821137e-01 6.665877439433764984e-02 2.139750878307142279e-01 6.687245864980846666e-02 6.720664589082654509e-03 7.771677695371873029e-02 5.516667101386662359e-02 3.749415873041237468e-01 2.348740374347051477e-02 1.102523180513706198e-03 1.261377607783327622e-04
1.157076668638900019e-01 5.324682411426675394e-02 2.013049017191251566e-01 4.709709635497669883e-02 7.323950628224097821e-03 1.315136362853803198e-01 3.700910177000941298e-02 3.744659216101046684e-01 3.113291533563094377e-02 1.062314310203918942e-03 1.356708207878414550e-04
1.154197627979667573e-01 3.619746206735126315e-02 1.924768178568444510e-01 2.870148255219518926e-02 3.483265946620552056e-02 1.585497964374719682e-01 1.734916220195829167e-02 3.732955547012231645e-01 4.191922617210067786e-02 1.110957800027284961e-03 1.471177474961575223e-04
1.265201916392074133e-01 2.436443385304496237e-02 1.837197431917357293e-01 8.335912509489834879e-03 8.856478726717699479e-02 1.239810139939381411e-01 2.107874255346411582e-02 3.664987013501438406e-01 5.536257122525387736e-02 1.409818970393245758e-03 1.640832309930469364e-04
1.479212350267371245e-01 2.500391394057071420e-02 1.663379210606484859e-01 3.013525836466932149e-03 1.424709640376715380e-01 4.736985345136451170e-02 4.414281699871866471e-02 3.506295714352238857e-01 7.067101433041642067e-02 2.251652090173188181e-03 1.875315593771947420e-04
1.454291174278564691e-01 5.541603591812304525e-02 1.308925986079884363e-01 4.002445285655244211e-02 1.546766460546379895e-01 5.046754440661487635e-04 5.781491386038860314e-02 3.243574232146814729e-01 8.671749695823063875e-02 3.951879766130228858e-03 2.147596442427027728e-04
9.864386998985984201e-02 1.158062018400552312e-01 7.903451641065088740e-02 1.092142197852309093e-01 1.166296750655779757e-01 3.433599038991047570e-02 5.132076785233462279e-02 2.860567225245693734e-01 1.020436989303568909e-01 6.670098369459474472e-03 2.442385863449591599e-04
4.063592156106322906e-02 1.718486000206833897e-01 3.128899128337954416e-02 1.511575232658250723e-01 6.644500499841690666e-02 1.255289688483626209e-01 5.103670220075672004e-02 2.366924104154942698e-01 1.148199489820398433e-01 1.026101735129527487e-02 2.849108138764923316e-04
1.028253101879066621e-02 1.985560661980208252e-01 9.187397146834972925e-03 1.249960022216034111e-01 3.675099537020200952e-02 2.100587083695105717e-01 8.719662480703797847e-02 1.849033645710256024e-01 1.234629055970611899e-01 1.424460829479950834e-02 3.607961447769955469e-04
6.335375500181181924e-03 2.017200189823555312e-01 1.383583973430869106e-02 6.249059511536815548e-02 2.376632427519429630e-02 2.466082662472130205e-01 1.555491666555652019e-01 1.433609450756471726e-01 1.278859844479689201e-01 1.794553882990483976e-02 5.019448727380329284e-04
1.598728021607238869e-02 1.753944940132457775e-01 4.229056780404755189e-02 2.246911264306986761e-02 1.701466428269965067e-02 2.365611450629575008e-01 2.201490681879222366e-01 1.193566534221121578e-01 1.293164005957283536e-01 2.073708281918934179e-02 7.235306843888561403e-04
3.499159018710984448e-02 1.128399260346013289e-01 9.631055929473697486e-02 1.982144271954891165e-02 2.475356666981853512e-02 2.021334137805509135e-01 2.464648586301835531e-01 1.111189141412519954e-01 1.283069195668357365e-01 2.225151447050868758e-02 1.007294232811854371e-03
4.901458106339150189e-02 6.227726299494475148e-02 1.474991238681444827e-01 3.377950195798654076e-02 6.093690000458755474e-02 1.597563858315068086e-01 2.275648110416251535e-01 1.112132363528281348e-01 1.241272975322098154e-01 2.252901873770009333e-02 1.301880344842875660e-03
4.231472201375190145e-02 7.454450951616167775e-02 1.495731454376916236e-01 5.892661026606849789e-02 1.259948509218471180e-01 1.130985935114745405e-01 1.837784249525457603e-01 1.110659913164450813e-01 1.171771937872432556e-01 2.198103026915929764e-02 1.544927745955654644e-03
2.173444304160368143e-02 1.148991986368558815e-01 1.067162087505290902e-01 1.053259069940677695e-01 2.053833332434486236e-01 6.373725559392591500e-02 1.443586672710199803e-01 1.039989992002420538e-01 1.111489603715172386e-01 2.100834506377730060e-02 1.688681584034999652e-03
5.172405784555075131e-03 1.183545420001076431e-01 6.558046939275755105e-02 1.625341335332603221e-01 2.772664922780175845e-01 2.170665668242154761e-02 1.299307489037523633e-01 8.695612677657577061e-02 1.111055077124592505e-01 1.967747886633257684e-02 1.715437833481867069e-03
1.257976890820346801e-03 8.399454553918038469e-02 4.767666936711181108e-02 2.021474037017046144e-01 3.178138772818762670e-01 2.962374089369559753e-03 1.448079451622620306e-01 6.117886441075966186e-02 1.185452909390898035e-01 1.796904649572255916e-02 1.646005896501757460e-03
1.241663093374793803e-02 4.487122245292583106e-02 4.477918243828411110e-02 2.174394680237912436e-01 3.083331652592779526e-01 1.648895705867709990e-02 1.769198222524293318e-01 3.253261004377331483e-02 1.284994577112735237e-01 1.618889775173844997e-02 1.530585858713161881e-03
3.802173544913267644e-02 1.538348874164421898e-02 4.200619945274511324e-02 2.382761045621019091e-01 2.492819073622136450e-01 5.488152263022209182e-02 2.035857313107374555e-01 1.006618323636739899e-02 1.322926500395700256e-01 1.478647681879265152e-02 1.418000194681008283e-03
6.558205977889176863e-02 2.576634775925862146e-03 3.048583498412369905e-02 2.939944045727095334e-01 1.662982620854712712e-01 9.711288252690836176e-02 2.041775964912587171e-01 4.679251626546456150e-04 1.241271759319211021e-01 1.384114490663467326e-02 1.336078601226211270e-03
7.116793865233267402e-02 5.208943738749266354e-03 4.086791194052192405e-02 3.716838796778481613e-01 9.574809071560057283e-02 1.193387884837966983e-01 1.735180002931157872e-01 2.633887050505859164e-03 1.054446458234831463e-01 1.309123933024141165e-02 1.296674136123134296e-03
4.246746674753806849e-02 1.365589592224951757e-02 1.139342037472740043e-01 4.284761403005086233e-01 6.332625222305388046e-02 1.072595864879634098e-01 1.246737347036812604e-01 9.141674899242047819e-03 8.333106424984468297e-02 1.243293075588069833e-02 1.301049830157264197e-03
7.116540097861682491e-03 3.863307695860344892e-02 2.177528160547103075e-01 4.280102030618856412e-01 7.154118082095624331e-02 6.735288013797771645e-02 7.837550729335128474e-02 1.262029701592566090e-02 6.518866630211678226e-02 1.206994262922617134e-02 1.338889514730132657e-03
1.727262246440081084e-02 8.879958888418468255e-02 2.864008654185323244e-01 3.507800642374203082e-01 1.003070199459711875e-01 3.080075906575213338e-02 4.756213629484529887e-02 1.016298109859456629e-02 5.425442620507729685e-02 1.226853664333687338e-02 1.390999640773658494e-03
8.140428092788073999e-02 1.273755298976568251e-01 3.236033012940767173e-01 2.121134960857281593e-01 1.186489497465280929e-01 3.973942220739602738e-02 2.977377739898882936e-02 4.093250138020292778e-03 4.857230404743445584e-02 1.324024849656597717e-02 1.435439663113407443e-03
1.378199710281697299e-01 1.135670750419490865e-01 3.651685453498675349e-01 8.852186900264179259e-02 1.028721766739160715e-01 1.163811671245519597e-01 1.538536218212104012e-02 5.243128262321040869e-04 4.326486865685318789e-02 1.504512525485491269e-02 1.449526763957961805e-03
1.306211312725854834e-01 6.735811656797642544e-02 3.741030027086912346e-01 7.012413526342933801e-02 5.726718006721717713e-02 2.375138367804332795e-01 4.220282318795973674e-03 5.352615188469361449e-03 3.474545170893479640e-02 1.728732869583761433e-02 1.406919335187361772e-03
7.830637825939526508e-02 4.334163212417590366e-02 2.801756673673169717e-01 1.645922303360928818e-01 1.618010872844995174e-02 3.423797066574328918e-01 1.073978541502964082e-02 1.894976159141580768e-02 2.485879088092602524e-02 1.918682473296508262e-02 1.289113816398349682e-03
3.259221672765538064e-02 5.067377046286530157e-02 1.158876159780614090e-01 2.896133072135964048e-01 1.066282194591385880e-02 3.734443867937746186e-01 4.930331140213953939e-02 3.524635017026490902e-02 2.101737893845762387e-02 2.045025384875646945e-02 1.108586424888113788e-03
1.220625971959607252e-02 4.509450075617797704e-02 1.121024509043898852e-02 3.599131827755196467e-01 3.908639648258571686e-02 3.160094367378247782e-01 1.159791728695738489e-01 4.747334572493348143e-02 3.027317312359433313e-02 2.185279587470839377e-02 9.014907393564766669e-04
8.127829502365360725e-03 1.798424122689212812e-02 2.483414034420964450e-02 3.435534625848757906e-01 7.979058884159863363e-02 2.055133548106787555e-01 1.883946472314463327e-01 5.442767690075885761e-02 5.249084447544550419e-02 2.418348346145933817e-02 6.997304950683150889e-04
1.272812036072779734e-02 3.036812240741615723e-02 7.552552002262336028e-02 2.540787012002205802e-01 1.165326367513668249e-01 9.930391149567124875e-02 2.433776439960941285e-01 6.155251873561369547e-02 7.938192601055084341e-02 2.661732083884289085e-02 5.335780354295513754e-04
2.076965199522397276e-02 1.105462990502927012e-01 7.669561849139661103e-02 1.357567996365261764e-01 1.437096591810342605e-01 3.546448315171480542e-02 2.732192630166562775e-01 7.674458789201783759e-02 9.956172227273149544e-02 2.709411710195162165e-02 4.377980519087097374e-04
2.654990319731443185e-02 1.894441339595478446e-01 4.375682953743553760e-02 4.721806682599739152e-02 1.593788792688883849e-01 1.388434588438636902e-02 2.862178321434268868e-01 1.031020174623338836e-01 1.053462735939131173e-01 2.468230680360963478e-02 4.194111626412193533e-04
2.974502845658836409e-02 1.933093817803214765e-01 3.253048556793436408e-02 2.258005834484613089e-02 1.612335368035717198e-01 1.275835880186450277e-02 2.957752463661139086e-01 1.333642297626200790e-01 9.743015174569572001e-02 2.083264316028147004e-02 4.408790566942760963e-04
3.549490105042606841e-02 1.486145751957354821e-01 4.268935640517326768e-02 4.525656218491921901e-02 1.472893837163110065e-01 1.430461984743525670e-02 3.118193818886381141e-01 1.516857363195313613e-01 8.448683200428178108e-02 1.790061508406595031e-02 4.580361605245597805e-04
4.892834043166089525e-02 1.397257838369636018e-01 3.178271995844655223e-02 7.174759513437177494e-02 1.185900793570967143e-01 1.267547784948534068e-02 3.386242372723495264e-01 1.436795857319076719e-01 7.666686633674192619e-02 1.712465482700432223e-02 4.546591295910839560e-04
6.925583102362826982e-02 1.826142216144142350e-01 5.552617562873713060e-03 7.419859503039795412e-02 8.279821645705957855e-02 8.189754596129085809e-03 3.728093440513872148e-01 1.083007641535516513e-01 7.733608770157726631e-02 1.850992009954869136e-02 4.346475794369372616e-04
8.407292542551936254e-02 2.101453133285297592e-01 2.746456327762776539e-02 5.754658503863769453e-02 5.213370610499269697e-02 3.117564071576785917e-03 4.018118450885476145e-01 6.042101137771054009e-02 8.101566679543600880e-02 2.186697068605075039e-02 4.038486768357013633e-04
7.694486853224402623e-02 1.812721440396286299e-01 1.195314200529419835e-01 4.940051124106273339e-02 3.370027451327751999e-02 2.327676800434704506e-03 4.095184548829459148e-01 2.032957932683107649e-02 7.960919742485997319e-02 2.700218602038129481e-02 3.636870376151112375e-04
5.198804897553624405e-02 1.325721367098318115e-01 2.136843611217028038e-01 7.344748342001852781e-02 2.445447031879842414e-02 1.262490293659330846e-02 3.870040353326719140e-01 1.094472436849172701e-03 6.966741414770177832e-02 3.315196516832352724e-02 3.107093057071808116e-04
4.013180499563277076e-02 1.267542934960880219e-01 2.228179901472415736e-01 1.199600013235110757e-01 1.697299604236434181e-02 3.607571330110138225e-02 3.387522326659665461e-01 5.524399631818316565e-03 5.372696592701385609e-02 3.904168352598316738e-02 2.419188187579719945e-04
6.110303504830944671e-02 1.897410528780419103e-01 1.414432508840740010e-01 1.420069933420193276e-01 1.243687740022256412e-02 6.203990537480159884e-02 2.795374283207605615e-01 3.112659032580327584e-02 3.673025657917005499e-02 4.367147435944607886e-02 1.631353637397574329e-04
8.900492271661770982e-02 2.691450792380871704e-01 7.176176921152638277e-02 9.997663568105784326e-02 3.285783280428772324e-02 6.980947870469314531e-02 2.236468035730000969e-01 7.420199378090246156e-02 2.266959129487231342e-02 4.683597809323617606e-02 8.991477698320633738e-05
9.322418110311456174e-02 2.626741400638819557e-01 9.685957239404517638e-02 2.925744913439443790e-02 1.036407018131425273e-01 4.836908119614694024e-02 1.737941124173709995e-01 1.291237263283810111e-01 1.407061125452757286e-02 4.894610229079076474e-02 4.032187555532330706e-05
9.128414050749944497e-02 1.581908651223018214e-01 1.338779467943673196e-01 1.583051759601471556e-02 2.136536398028192063e-01 1.508028601713581884e-02 1.231773401855488781e-01 1.854285190122111626e-01 1.296915171894500417e-02 5.047951497710982671e-02 2.807813044745835468e-05
1.016449198836313766e-01 6.851798933358846377e-02 8.024960239199376011e-02 5.954056955455014344e-02 3.145027101394481384e-01 1.288123772477064262e-03 7.564775885500803210e-02 2.262244253840688113e-01 2.072963100981675688e-02 5.159401462040943964e-02 6.025491053637949259e-05
1.071757941394740066e-01 4.208407537863981945e-02 2.480209280335502614e-02 7.047468137359810814e-02 3.584585866606141424e-01 1.748662151911213949e-02 5.994176800385860038e-02 2.313274550887620962e-01 3.573763092063289570e-02 5.237481358328940906e-02 1.364803762929431427e-04
1.142187350954842195e-01 2.077349874831261115e-02 5.012475224827749737e-02 3.342542488031141623e-02 3.320869661873025458e-01 4.753059922153173716e-02 1.074057382766439861e-01 1.895661858548869927e-01 5.118124297186598531e-02 5.343862693604059522e-02 2.482294233608126999e-04
1.449826478435245480e-01 4.221862056428515343e-03 6.278951040119386262e-02 1.021551835245391483e-02 2.648779569505748666e-01 7.299538568480928857e-02 2.117081433582868044e-01 1.142033930074277115e-01 5.786585928670538725e-02 5.575998169275184907e-02 3.797412116508551080e-04
1.706870639077281426e-01 3.128034614148434561e-02 2.456499741426066558e-02 1.051892123807436803e-02 1.997571400043820777e-01 8.619230860409007877e-02 3.222456463839343810e-01 4.107474623708231437e-02 5.357077370291532525e-02 5.959902732822868615e-02 5.090288872910930492e-04
1.446381088489741007e-01 6.842926154843524678e-02 2.811357885221048986e-02 1.431514966374787361e-02 1.618525565170488290e-01 8.435993315831757933e-02 3.803459259173460616e-01 4.182457675840507358e-03 4.863722620911880429e-02 6.451203989938565642e-02 6.137615575602078499e-04
7.324255253514995456e-02 6.173648016015282486e-02 9.265103987188456902e-02 4.943314137220768817e-02 1.565055684960202087e-01 6.686602634864713401e-02 3.584352785954437182e-01 1.321737511567034652e-02 5.616014476713599574e-02 7.106752791074483211e-02 6.848646630044152384e-04
1.180574125500525283e-02 2.313900787202085793e-02 1.180080589295804672e-01 1.485521807731798871e-01 1.759074122563978326e-01 4.016617438809499951e-02 2.717290974019422878e-01 5.298489176530154360e-02 7.610657088557878924e-02 8.087024722423008516e-02 7.306170632695393758e-04
3.488974486505294972e-03 1.287600045472914786e-03 5.506413827970425834e-02 2.705706626804936787e-01 1.998226899215223284e-01 1.982321782993825068e-02 1.642321484430254164e-01 9.710818882298229149e-02 9.437226275583701640e-02 9.344574902939142835e-02 7.843674961012987203e-04
3.294656462359962096e-02 2.839151226956359783e-03 3.125863589345043571e-04 3.291309148980220423e-01 2.027187670606961090e-01 2.383895282474770769e-02 8.303026621468409529e-02 1.214962413925169127e-01 9.763957440409130883e-02 1.051103343253024097e-01 9.366464445018376443e-04
5.056910637795638402e-02 3.146167199217540528e-03 4.704658677520948823e-02 2.963803563020547260e-01 1.732222437424313366e-01 6.112695377569891952e-02 5.485310504031824103e-02 1.141050147782652208e-01 8.538159917059226500e-02 1.128505834847155914e-01 1.318283120849258723e-03
3.392296319503021462e-02 6.385869497029040068e-04 1.483296480161539477e-01 2.294979636435400538e-01 1.200979410491937183e-01 1.221908660461554358e-01 7.660446119556089950e-02 8.070824249466952705e-02 6.859604725945316062e-02 1.174063544729455344e-01 2.006925444955219920e-03
6.815078341201719243e-03 1.136721064762647544e-03 2.032439748347777964e-01 1.917349095938375991e-01 6.440632276650418153e-02 1.829345369749103278e-01 1.228579089926563617e-01 4.269503714812951378e-02 6.030421924613824092e-02 1.209011033436990096e-01 2.970187460366307142e-03
3.696385555165847270e-03 7.647154361840297716e-04 1.808758665141596000e-01 1.825292484105074942e-01 2.671135209527121870e-02 2.222071230702220290e-01 1.639911207088433076e-01 2.523032552383121241e-02 6.626731929838622359e-02 1.236535841261253432e-01 4.072959022443227092e-03
2.741937023459533121e-02 4.292466186622213224e-04 1.282788238076847664e-01 1.642186964671111526e-01 9.871744575821597006e-03 2.317068625123527570e-01 1.835794176720197124e-01 4.228384386889803837e-02 8.198919139489725671e-02 1.251232238809079078e-01 5.099578717230637305e-03
4.681863552849652166e-02 9.410799164384902465e-04 1.084964201378601778e-01 1.259709461806975961e-01 3.640900935396407766e-03 2.118711646267678606e-01 1.833475566794378342e-01 8.930301817309892198e-02 9.752282157434223608e-02 1.262646739719174571e-01 5.822782013801635487e-03
3.871438157837744920e-02 1.031979848028757602e-03 1.375750444963600161e-01 8.212040992436431264e-02 8.780516053955007491e-03 1.678635945864051793e-01 1.754139137918371283e-01 1.482997493601267147e-01 1.049962057821673539e-01 1.291086297754186207e-01 6.095574533073131948e-03
1.794076541570258435e-02 1.250048183908379325e-03 1.765559846400188981e-01 4.362115251994606868e-02 3.582261156556680592e-02 1.106530486452586282e-01 1.718084405231958822e-01 1.995204036526275482e-01 1.023887304159100675e-01 1.345580872935241423e-01 5.880726872263192413e-03
9.223713544162114378e-03 8.928362356805865253e-04 1.880835894849692824e-01 1.838093356772527512e-02 7.828419692388385864e-02 5.693429122157485367e-02 1.787952866501260896e-01 2.300481478696810300e-01 9.251923026271652306e-02 1.415969718583207637e-01 5.240802111991936692e-03
1.195514899103079960e-02 2.310623877116015979e-04 1.832181294048983722e-01 9.310739210707885335e-03 1.076352293464279269e-01 2.203716317368538402e-02 1.968898955902403658e-01 2.354439012115160379e-01 8.047811303658791715e-02 1.484684117889201738e-01 4.332205594732601271e-03
1.454374304057349729e-02 1.472628280823043336e-04 1.957935610398244541e-01 7.908570025054866351e-03 1.018219460661416720e-01 1.051138733039231818e-02 2.229607887886146389e-01 2.171312638888819313e-01 7.187427676964629197e-02 1.539385861383527621e-01 3.368613827134026104e-03
1.872460757215481733e-02 1.445872386659388057e-03 2.236066094957433747e-01 7.871512288055054415e-03 6.976772168759821924e-02 1.612650918343416784e-02 2.513544851463000995e-01 1.795553308938719894e-01 7.175576585710841115e-02 1.572462563570531380e-01 2.545328880638727219e-03
3.072631331223030920e-02 6.643779074544859699e-03 2.269509047133922985e-01 1.778872017945506978e-02 3.936459331729025984e-02 3.152534296290203375e-02 2.751614491429577036e-01 1.292961212957288719e-01 8.323765996428374170e-02 1.573338566671678707e-01 1.971259124598988190e-03
4.378116813648184197e-02 1.842187351448648647e-02 1.873618028562421545e-01 4.542606192916139735e-02 2.736602375442788795e-02 5.334656865057282871e-02 2.883984184643774706e-01 7.573455371873305531e-02 1.056329671032990858e-01 1.528902076816047451e-01 1.640353952350014164e-03
