9.907755687165946401e-03 7.436994382744407939e-02 4.243145150941725063e-01 2.073931587991817427e-02 7.769994362387099007e-02 1.315387735441709421e-02 1.571129395434474676e-02 1.021043409986925332e-01 2.586915098625401921e-01 3.160079916654562251e-03 1.474238007465409207e-04
1.018533500991193087e-02 7.590402858266519226e-02 4.248754415714623978e-01 1.902656933880675014e-02 7.454156202724759872e-02 1.256887419875407121e-02 1.657623906425803248e-02 1.013948132893100762e-01 2.615685916177186709e-01 3.206431804204363297e-03 1.521134956456210614e-04
1.046644721979249001e-02 7.744515866372454760e-02 4.251935886316230429e-01 1.745224694038164520e-02 7.145139529300517656e-02 1.204411354486311508e-02 1.741383227249256385e-02 1.007096677330755058e-01 2.644133942062107945e-01 3.253275521797349603e-03 1.568799730534567525e-04
1.075102345494187775e-02 7.899284320889081445e-02 4.252727775572941460e-01 1.601747173646499503e-02 6.843151166197787572e-02 1.157705598301637592e-02 1.822058176782377636e-02 1.000492651541822486e-01 2.672251328719832397e-01 3.300615262982180536e-03 1.617213404339462026e-04
1.103899339159510051e-02 8.054659227195329341e-02 4.251172074821699676e-01 1.472282441717668970e-02 6.548378430910659076e-02 1.116527975713261026e-02 1.899331413552896378e-02 9.941385038216271619e-02 2.700030637823799817e-01 3.348454504743082673e-03 1.666355660259593316e-04
1.133028537004305246e-02 8.210591720495304113e-02 4.247314356493534504e-01 1.356835484277482858e-02 6.260989734442592991e-02 1.080647817763302938e-02 1.972917804511979331e-02 9.880355261762076291e-02 2.727464842888825958e-01 3.396795978913339474e-03 1.716204802809976032e-04
1.162482651868594792e-02 8.367033101239707005e-02 4.241203571089803281e-01 1.255359546856156007e-02 5.981135190131709606e-02 1.049845732457500326e-02 2.042564590129139490e-02 9.821838621972461825e-02 2.754547331207130578e-01 3.445641645972724685e-03 1.766737777548197969e-04
1.192254287567860033e-02 8.523934867614285649e-02 4.232891839437875614e-01 1.167757655453378202e-02 5.708947225664989800e-02 1.023913407620697692e-02 2.108051350245187389e-02 9.765825191086957568e-02 2.781271905128475663e-01 3.494992671353828583e-03 1.817930194636267543e-04
1.222335950775886061e-02 8.681248745093274322e-02 4.222434241096309493e-01 1.093884304598492264e-02 5.444541193350082436e-02 1.002653448653523412e-02 2.169189776453597090e-02 9.712293839135352491e-02 2.807632782696822815e-01 3.544849404331606481e-03 1.869756357145350815e-04
1.252720062581871505e-02 8.838926713019014392e-02 4.209888599786009156e-01 1.033547300650703056e-02 5.188015974305189293e-02 9.858792524529903789e-03 2.225823258010055719e-02 9.661212435619655203e-02 2.833624597660475697e-01 3.595211359571815965e-03 1.922189294176712649e-04
1.283398969683169182e-02 8.996921028202793658e-02 4.195315266691099776e-01 9.865097480793165452e-03 4.939454572857124304e-02 9.734149176765861597e-03 2.277826289411469252e-02 9.612538090339131647e-02 2.859242398870226465e-01 3.646077201438494963e-03 1.975200798877211326e-04
1.314364955177879483e-02 9.155184245572534074e-02 4.178776902470142107e-01 9.524921661359068634e-03 4.698924698026475666e-02 9.650951905171017628e-03 2.325103708882965761e-02 9.566217432259227493e-02 2.884481649089563615e-01 3.697444731113878891e-03 2.028761471397597950e-04
1.345610248920056130e-02 9.313669235861923856e-02 4.160338258783996546e-01 9.311747230682039869e-03 4.466479329563313033e-02 9.607654441836983861e-03 2.367589777967810116e-02 9.522186925031862759e-02 2.909338223223363329e-01 3.749310876600835812e-03 2.082840766839380488e-04
1.377127037411133084e-02 9.472329200399980109e-02 4.140065960134108325e-01 9.221995748313203262e-03 4.242157266569471230e-02 9.602816894162433461e-03 2.405247113292490260e-02 9.480373217743595649e-02 2.933808405994240420e-01 3.801671685668917434e-03 2.137407048213058622e-04
1.408907473194763275e-02 9.631117683036094501e-02 4.118028286771209245e-01 9.251732951458525173e-03 4.025983657295705703e-02 9.635106125228229748e-03 2.438065482376824272e-02 9.440693529284409358e-02 2.957888889080519390e-01 3.854522321804627200e-03 2.192427644420940974e-04
1.440943683733785126e-02 9.789988579262773327e-02 4.094294959402804412e-01 9.396693836937659167e-03 3.817970509193617523e-02 9.703296367130584757e-03 2.466060475994664991e-02 9.403056064578443896e-02 2.981576767734885891e-01 3.907857063201589619e-03 2.247868913260418766e-04
1.473227779746585399e-02 9.948896142611479698e-02 4.068936926405385957e-01 9.652308392647969762e-03 3.618117178812328000e-02 9.806270018540862166e-03 2.489272070189645081e-02 9.367360460842269476e-02 3.004869536904241079e-01 3.961669304847338473e-03 2.303696309425915380e-04
1.505751862983324696e-02 1.010779498840576884e-01 4.042026154201976418e-01 1.001372784749560846e-02 3.426410841561704224e-02 9.943018572280665213e-03 2.507763091468283301e-02 9.333498261922160144e-02 3.027765086871366251e-01 4.015951563751242112e-03 2.359874457476490803e-04
1.538508033429884445e-02 1.026664009496225383e-01 4.013635421435885475e-01 1.047585131026109936e-02 3.242826941771948662e-02 1.011264361405898177e-02 2.521617599057944872e-02 9.301353418621566282e-02 3.050261698433562318e-01 4.070695487327222022e-03 2.416367229708455051e-04
1.571488395925774856e-02 1.042538680235229054e-01 3.983838117539206802e-01 1.103335266989618514e-02 3.067329623854801735e-02 1.031435783010052447e-02 2.530939198342464433e-02 9.270802812905412638e-02 3.072358037644408180e-01 4.125891864993467065e-03 2.473137828871426825e-04
1.604685066188576287e-02 1.058399080882892473e-01 3.952708046236010908e-01 1.168070763240390900e-02 2.899872145690182701e-02 1.054748595867516237e-02 2.535849299695878620e-02 9.241716803738411756e-02 3.094053150133228014e-01 4.181530643000656335e-03 2.530148875635849929e-04
1.638090176242418955e-02 1.074240816506788904e-01 3.920319234512621986e-01 1.241222077273341530e-02 2.740397275648073089e-02 1.081146561901622297e-02 2.536485336973004490e-02 9.213959792274156735e-02 3.115346455023452754e-01 4.237600942519247765e-03 2.587362500707611609e-04
1.671695879245738842e-02 1.090059526632444903e-01 3.886745747508665860e-01 1.322205248365939528e-02 2.588837674875824058e-02 1.110584795046221790e-02 2.532998959799356159e-02 9.187390804065079242e-02 3.136237738467524960e-01 4.294091081001385167e-03 2.644740441465751784e-04
1.705494353724123710e-02 1.105850884267008949e-01 3.852061509775319137e-01 1.410424570797419799e-02 2.445116266707273583e-02 1.143029799503495446e-02 2.525554213628034700e-02 9.161864085884544040e-02 3.156727146821434737e-01 4.350988596859685885e-03 2.702244142994800376e-04
1.739477807210985244e-02 1.121610594745718059e-01 3.816340133281491132e-01 1.505275234487648758e-02 2.309146595154406081e-02 1.178459475786820809e-02 2.514325721233384714e-02 9.137229714765912614e-02 3.176815179470862671e-01 4.408280277453462646e-03 2.759834863340438274e-04
1.773638479308265598e-02 1.137334394415583372e-01 3.779654752518907812e-01 1.606145922627571013e-02 2.180833174579096048e-02 1.216863088216824963e-02 2.499496878916673132e-02 9.113334216805404897e-02 3.196502681332963891e-01 4.465952190414682749e-03 2.817473782824516933e-04
1.807968644173705772e-02 1.153018049172847836e-01 3.742077867008843928e-01 1.712421356448178694e-02 2.060071832693429264e-02 1.258241187831846131e-02 2.481258080249731240e-02 9.090021193291152046e-02 3.215790835049053831e-01 4.523989718326837210e-03 2.875122117230376694e-04
1.842460612455878999e-02 1.168657352871517868e-01 3.703681191477374846e-01 1.823484777794875250e-02 1.946750049049152109e-02 1.302605485054029316e-02 2.459804979594697877e-02 9.067131951694111514e-02 3.234681152884429922e-01 4.582377596762676926e-03 2.932741234642970520e-04
1.877106732691058086e-02 1.184248125619220271e-01 3.664535513916985510e-01 1.938720360819518734e-02 1.840747291178523523e-02 1.349978666919427611e-02 2.435336807032514872e-02 9.044506139100720599e-02 3.253175468356760969e-01 4.641099955689166785e-03 2.990292775731767097e-04
1.911899392182605031e-02 1.199786211977436762e-01 3.624710561720272395e-01 2.057515544677160010e-02 1.741935350479020123e-02 1.400394154192263069e-02 2.408054745616625830e-02 9.021982375656226183e-02 3.271275927602080302e-01 4.700140364264659455e-03 3.047738777229321949e-04
1.946831017387770299e-02 1.215267479084635172e-01 3.584274876020914213e-01 2.179263279783022478e-02 1.650178679852062555e-02 1.453895794274133457e-02 2.378160381097376569e-02 8.999398885646649193e-02 3.288984980501463706e-01 4.759481879006401822e-03 3.105041798347545306e-04
1.981894073835716030e-02 1.230687814718587347e-01 3.543295694351713543e-01 2.303364180829347088e-02 1.565334734994931407e-02 1.510537486452728610e-02 2.345854233457474181e-02 8.976594123871259323e-02 3.306305371582553554e-01 4.819107095361813489e-03 3.162165049876853175e-04
2.017081065606499135e-02 1.246043125317279204e-01 3.501838841673809988e-01 2.429228580413664990e-02 1.487254321086532716e-02 1.570382736726517320e-02 2.311334378697972591e-02 8.953407394990697821e-02 3.323240130704291362e-01 4.878998202674868917e-03 3.219072525666970145e-04
2.052384534399643093e-02 1.261329333975043654e-01 3.459968629817765651e-01 2.556278477826692819e-02 1.415781946452431689e-02 1.633504140158275469e-02 2.274795168440569421e-02 8.929679463663992012e-02 3.339792563551502447e-01 4.939137042539004131e-03 3.275729136203706961e-04
2.087797058225014657e-02 1.276542378431723690e-01 3.417747765315204966e-01 2.683949378197332189e-02 1.350756184580240681e-02 1.699982789469041411e-02 2.236426053921845153e-02 8.905253153244874209e-02 3.355966241939810635e-01 4.999505170562012005e-03 3.332100843957596032e-04
2.123311249747438650e-02 1.291678209072039119e-01 3.375237265587480717e-01 2.811692017881393252e-02 1.292010045680608288e-02 1.769907609353885830e-02 2.196410520016416068e-02 8.879973930991603981e-02 3.371764993957830914e-01 5.060083921523191031e-03 3.388154800198078798e-04
2.158919754323475326e-02 1.306732786953962722e-01 3.332496383418454555e-01 2.938973972645969254e-02 1.239371358724656626e-02 1.843374616801870050e-02 2.154925133916298780e-02 8.853690477758062449e-02 3.387192893948342554e-01 5.120854477918960687e-03 3.443859482922197093e-04
2.194615247762641067e-02 1.321702081880315460e-01 3.289582539601359490e-01 3.065281145863255757e-02 1.192663164692136721e-02 1.920486108486090318e-02 2.112138712099493471e-02 8.826255240234243127e-02 3.402254252349753982e-01 5.181797941906603200e-03 3.499184835556558640e-04
2.230390433854303675e-02 1.336582070533034738e-01 3.246551263633798423e-01 3.190119134575487153e-02 1.151704121488448737e-02 2.001349777096970983e-02 2.068211608213005315e-02 8.797524963929519159e-02 3.416953605405363414e-01 5.242895410625587373e-03 3.554102406080612668e-04
2.266238041693307073e-02 1.351368734683843775e-01 3.203456142295446618e-01 3.313014471945732731e-02 1.116308920766636258e-02 2.086077759267492004e-02 2.023295123488520059e-02 8.767361205145768333e-02 3.431295704754440679e-01 5.304128054892317222e-03 3.608585486199668724e-04
2.302150822847961673e-02 1.366058059497536059e-01 3.160348775932119159e-01 3.433515745196355495e-02 1.086288716628264900e-02 2.174785618518331951e-02 1.977531040343201083e-02 8.735630820344016112e-02 3.445285506919661955e-01 5.365477201257351503e-03 3.662609250201115949e-04
2.338121548404548111e-02 1.380646031943650598e-01 3.117278742228715704e-01 3.551194588784824940e-02 1.061451565931776156e-02 2.267591267376176806e-02 1.931051278808031471e-02 8.702206431354977956e-02 3.458928162694085429e-01 5.426924417407248159e-03 3.716150893101803979e-04
2.374143005930321945e-02 1.395128639328890030e-01 3.074293567254219872e-01 3.665646553095887328e-02 1.041602879702608307e-02 2.364613833558683320e-02 1.883977674522876664e-02 8.666966865084207994e-02 3.472229006450676669e-01 5.488451600901203889e-03 3.769189767716275689e-04
2.410207996392294341e-02 1.409501867965572974e-01 3.031438703523778866e-01 3.776491849530116268e-02 1.026545884895346296e-02 2.465972475763718308e-02 1.836421876083638161e-02 8.629797566368702100e-02 3.485193545374756230e-01 5.550041071197432847e-03 3.821707520238292041e-04
2.446309331070860640e-02 1.423761701987899808e-01 2.988757514818661809e-01 3.883375973355103483e-02 1.016082095547394572e-02 2.571785155262210770e-02 1.788485358685987930e-02 8.590590982881868287e-02 3.497827448638680670e-01 5.611675664991461199e-03 3.873688223953264485e-04
2.482439828504515514e-02 1.437904122327489376e-01 2.946291267485305898e-01 3.985970206226305962e-02 1.010011792135552706e-02 2.682167370043726795e-02 1.740259550138586672e-02 8.549246921006647959e-02 3.510136536523209561e-01 5.673338834775712956e-03 3.925118510674763771e-04
2.518592311505510328e-02 1.451925105860007725e-01 2.904079127919185210e-01 4.083972000719493511e-02 1.008134507772580520e-02 2.797230858822479654e-02 1.691826064561001777e-02 8.505672871768654719e-02 3.522126769499386301e-01 5.735014750643321023e-03 3.975987699500547600e-04
2.554759604278576679e-02 1.465820624732750987e-01 2.862158165937450649e-01 4.177105249691943217e-02 1.010249519683348828e-02 2.917082282657694481e-02 1.643257038332100739e-02 8.459784306054891900e-02 3.533804237284879912e-01 5.796688405261182613e-03 4.026287922517952358e-04
2.590934529680633328e-02 1.479586645881092177e-01 2.820563363723367911e-01 4.265120443661124527e-02 1.016156344245014095e-02 3.041821892356819101e-02 1.594615562175221227e-02 8.411504938427238898e-02 3.545175147873739219e-01 5.858345721979054711e-03 4.076014247004252212e-04
2.627109906655618332e-02 1.493219130744766476e-01 2.779327630028115004e-01 4.347794719810174624e-02 1.025655233746670600e-02 3.171542190173558956e-02 1.545956202652273154e-02 8.360766959001063314e-02 3.556245816568812668e-01 5.919973666046705885e-03 4.125164793781925564e-04
2.663278547868739438e-02 1.506714035186344780e-01 2.738481819307190812e-01 4.424931806525117528e-02 1.038547672880244833e-02 3.306326594568732152e-02 1.497325605787387139e-02 8.307511232985415051e-02 3.567022655005356868e-01 5.981560358828889694e-03 4.173740851289242876e-04
9.295904373897878603e-03 7.217259168208983722e-02 4.257713131202526258e-01 2.980593790321294650e-02 7.036233255720696078e-02 1.224911979009272664e-02 1.836543028625890403e-02 1.145314067258840773e-01 2.445009478434791717e-01 2.803160866074821522e-03 1.418548515342237903e-04
9.559490396338358315e-03 7.367257869503458789e-02 4.261874606809760158e-01 2.783795264814442269e-02 6.743563671234996393e-02 1.164692313707663129e-02 1.918978679079993283e-02 1.141388187760829648e-01 2.473394494125853438e-01 2.845591209949694528e-03 1.463115406627759859e-04
9.826616833034233431e-03 7.518031973343922147e-02 4.263615026168157685e-01 2.601718558109089585e-02 6.457731461481489021e-02 1.110405376443535791e-02 1.997943243728593499e-02 1.137633359182239068e-01 2.501508348762576661e-01 2.888565994768026689e-03 1.508376298168984152e-04
1.009722562497497936e-02 7.669535257284160190e-02 4.262975623870105535e-01 2.434482151852266490e-02 6.178878694391901072e-02 1.061796866270888970e-02 2.073136752287818574e-02 1.134050835480885366e-01 2.529343113914770402e-01 2.932088771574072224e-03 1.554310560019209111e-04
1.037125724825279857e-02 7.821721459380288899e-02 4.260001345382221638e-01 2.282146913150243789e-02 5.907132763313967250e-02 1.018622397095073073e-02 2.144291118256376125e-02 1.130640881933219488e-01 2.556891216970867409e-01 2.976162197837604884e-03 1.600896133407603197e-04
1.064865081833290227e-02 7.974544310718660600e-02 4.254740641850172089e-01 2.144717422754916641e-02 5.642606940572543472e-02 9.806472402256495580e-03 2.211170447068645448e-02 1.127402778526627597e-01 2.584145445668741270e-01 3.020788009276649706e-03 1.648109544339390435e-04
1.092934419236597961e-02 8.127957565374237248e-02 4.247245259734859779e-01 2.022143499867603417e-02 5.385400915717077075e-02 9.476461135003572817e-03 2.273571138995679822e-02 1.124334827056289454e-01 2.611098952074847324e-01 3.065966994322662231e-03 1.695925921831463088e-04
1.121327406917686093e-02 8.281915027778455340e-02 4.237570026182148619e-01 1.914321911395629877e-02 5.135601314601059841e-02 9.194030200523367613e-03 2.331321790974451649e-02 1.121434361896544718e-01 2.637745256015428530e-01 3.111698971320128043e-03 1.744319020904799627e-04
1.150037608652336105e-02 8.436370577472049326e-02 4.225772631029789950e-01 1.821098252993716068e-02 4.893282196063476752e-02 8.957111385580925067e-03 2.384282902940025942e-02 1.118697764400465450e-01 2.664078247965808721e-01 3.157982768528590743e-03 1.793261250437121982e-04
1.179058491528426830e-02 8.591278191227330607e-02 4.211913406327390530e-01 1.742268988749545028e-02 4.658505523663467041e-02 8.763727655937404021e-03 2.432346395464472788e-02 1.116120480866502340e-01 2.690092191407703059e-01 3.204816207007584340e-03 1.842723705976422825e-04
1.208383435024055867e-02 8.746591962555982924e-02 4.196055104235637545e-01 1.677583636017012866e-02 4.431321610539158684e-02 8.611993095384719299e-03 2.475434946771093089e-02 1.113697043992299407e-01 2.715781724655483842e-01 3.252196086439166755e-03 1.892676207590059004e-04
1.238005739715786202e-02 8.902266118619429902e-02 4.178262674155038825e-01 1.626747081612806706e-02 4.211769536119350926e-02 8.500113343830058288e-03 2.513501158252105794e-02 1.111421097724508977e-01 2.741141862167870702e-01 3.300118173951769110e-03 1.943087342828579299e-04
1.267918635587010102e-02 9.058255034562563701e-02 4.158603039894876452e-01 1.589422015368139110e-02 3.999877533951336911e-02 8.426386507372223347e-03 2.546526558682898206e-02 1.109285425394468394e-01 2.766167995346752173e-01 3.348577196006658971e-03 1.993924514852970153e-04
1.298115289912248060e-02 9.214513245318797785e-02 4.137144877683908706e-01 1.565231466904296390e-02 3.795663350541758629e-02 8.389204503819016820e-03 2.574520458239250992e-02 1.107281981020814821e-01 2.790855892835889529e-01 3.397566833371811531e-03 2.045153995770172557e-04
1.328588814697511701e-02 9.370995454954617054e-02 4.113958395782569832e-01 1.553761431425044158e-02 3.599134575573626621e-02 8.387054798250095922e-03 2.597518664240082431e-02 1.105401923641922968e-01 2.815201700325781764e-01 3.447079719242702751e-03 2.096740985198805390e-04
1.359332273654189835e-02 9.527656543592455396e-02 4.089115116428849728e-01 1.554563570349874572e-02 3.410288944389718024e-02 8.418522475284576784e-03 2.615582071266618278e-02 1.103635654532619526e-01 2.839201939880250380e-01 3.497107440546331353e-03 2.148649674077642425e-04
1.390338688692906513e-02 9.684451572016737619e-02 4.062687660816611812e-01 1.567157972674314628e-02 3.229114614072153139e-02 8.482292587893409952e-03 2.628795138909494761e-02 1.101972857144977863e-01 2.862853508784367618e-01 3.547640542441977528e-03 2.200843313716784174e-04
1.421601045923889285e-02 9.841335784030980083e-02 4.034749537762100102e-01 1.591035963112886337e-02 3.055590414821269737e-02 8.577152716604476493e-03 2.637264270896848631e-02 1.100402539605886409e-01 2.886153677936524886e-01 3.598668536070639880e-03 2.253284290054649770e-04
1.453112301153967889e-02 9.998264606679257982e-02 4.005374936689194421e-01 1.625662943288277290e-02 2.889686078737196268e-02 8.701995668070981044e-03 2.641116109731912742e-02 1.098913079589080299e-01 2.909100089783472343e-01 3.650179909559251191e-03 2.305934203099427673e-04
1.484865384875251777e-02 1.015519364842927125e-01 3.974638525508401576e-01 1.670481252514245674e-02 2.731362448364505618e-02 8.855822238173027480e-03 2.640495761243528625e-02 1.097492271377265849e-01 2.931690755815363203e-01 3.702162142299571593e-03 2.358753951484241006e-04
1.516853206739885579e-02 1.031207869544261135e-01 3.942615253935602970e-01 1.724913035049682047e-02 2.580571667646582024e-02 9.037743962085256072e-03 2.635564963616949044e-02 1.096127374916045644e-01 2.953924053630487268e-01 3.754601722536251955e-03 2.411703822072423873e-04
1.549068659522020650e-02 1.046887570603994566e-01 3.909380162749469534e-01 1.788363101110646697e-02 2.437257358121788092e-02 9.246985771997085282e-03 2.626500215510261388e-02 1.094805166657835532e-01 2.975798723575099891e-01 3.807484168250429950e-03 2.464743584517793250e-04
1.581504622571572316e-02 1.062554080352374752e-01 3.875008199442729895e-01 1.860221769348873247e-02 2.301354783358904726e-02 9.482888482611157716e-03 2.613490877805836610e-02 1.093511991988206089e-01 2.997313864977641518e-01 3.860794051370272477e-03 2.517832590666796194e-04
1.614153964761919427e-02 1.078203026745975512e-01 3.839574040686033474e-01 1.939867679029138453e-02 2.172791004724439895e-02 9.744911024910030833e-03 2.596737263382878358e-02 1.092233819019985397e-01 3.018468931977124070e-01 3.914515025305657231e-03 2.570929878687546778e-04
1.647009546946120659e-02 1.093830052360297012e-01 3.803151921968998539e-01 2.026670560632735929e-02 2.051485031635870426e-02 1.003263235009958440e-02 2.576448729023396791e-02 1.090956293539857985e-01 3.039263728966197786e-01 3.968629855823367462e-03 2.623994281773613709e-04
1.680064223928015577e-02 1.109430813258081572e-01 3.765815474749104608e-01 2.119993954216150417e-02 1.937347969460674266e-02 1.034575292808404684e-02 2.552841783205997417e-02 1.089664794887016674e-01 3.059698405649411979e-01 4.023120455250326841e-03 2.676984541255983700e-04
1.713310845967281823e-02 1.125000977751851178e-01 3.727637571391307358e-01 2.219197865459321753e-02 1.830283168190891332e-02 1.068409576799802738e-02 2.526138223080416287e-02 1.088344492543753539e-01 3.079773451738967438e-01 4.077967920029829281e-03 2.729859423959030704e-04
1.746742259832929911e-02 1.140536225074713222e-01 3.688690178135410891e-01 2.323641349950603813e-02 1.730186374936132712e-02 1.104760689263481997e-02 2.496563313365890435e-02 1.086980403213811397e-01 3.099489691281360204e-01 4.133152571604883398e-03 2.782577843589262951e-04
1.780351309428268233e-02 1.156032243976775481e-01 3.649044216296262744e-01 2.432685016948547829e-02 1.636945893170103569e-02 1.143635520347632308e-02 2.464344019310752212e-02 1.085557448170936939e-01 3.118848276643222395e-01 4.188654000653324605e-03 2.835098985949562967e-04
1.814130836005651420e-02 1.171484731262606022e-01 3.608769431844300879e-01 2.545693444519452064e-02 1.550442751510357382e-02 1.185053167881528272e-02 2.429707305120772792e-02 1.084060510652706394e-01 3.137850682152117376e-01 4.244451114657305131e-03 2.887382437752446999e-04
1.848073678001175418e-02 1.186889390287884927e-01 3.567934273491160102e-01 2.662037498656550510e-02 1.470550884613152504e-02 1.229044785377222948e-02 2.392878508532083129e-02 1.082474493086391792e-01 3.156498697409675924e-01 4.300522188806424687e-03 2.939388318772271952e-04
1.882172670508405754e-02 1.202241929429043316e-01 3.526605779346485559e-01 2.781096549694088427e-02 1.397137328567616028e-02 1.275653353805202526e-02 2.354079801340046643e-02 1.080784373928180414e-01 3.174794420285093066e-01 4.356844920240886439e-03 2.991077417092014978e-04
1.916420644428744671e-02 1.217538060546514006e-01 3.484849472193217168e-01 2.902260580058427936e-02 1.330062432913555089e-02 1.324933373466564632e-02 2.313528744850571611e-02 1.078975263908049931e-01 3.192740249596929814e-01 4.413396485612359338e-03 3.042411327150310388e-04
1.950810425320106609e-02 1.232773497453933526e-01 3.442729263376024806e-01 3.024932178093421575e-02 1.269180091148693762e-02 1.376950473087235755e-02 2.271436948268176770e-02 1.077032461471557068e-01 3.210338877496600740e-01 4.470153601973520657e-03 3.093352590306334146e-04
1.985334831981642664e-02 1.247943954412740891e-01 3.400307365269982229e-01 3.148528413447806984e-02 1.214337991312658058e-02 1.431780934071702829e-02 2.228008837081586757e-02 1.074941507221194442e-01 3.227593281559162364e-01 4.527092590976553206e-03 3.143864837609142431e-04
2.019986674803695564e-02 1.263045144666485597e-01 3.357644212260694760e-01 3.272482590206773900e-02 1.165377887922386044e-02 1.489511128715631863e-02 2.183440537519262120e-02 1.072688237161598390e-01 3.244506716596012863e-01 4.584189446377001133e-03 3.193912934458625853e-04
2.054758753919606884e-02 1.278072779031009520e-01 3.314798390137646544e-01 3.396245874661064923e-02 1.122135896238348612e-02 1.550236872032786928e-02 2.137918882122964714e-02 1.070258834562946848e-01 3.261082706195468917e-01 4.641419904847845015e-03 3.243463126815185772e-04
2.089643857193963089e-02 1.293022564557055332e-01 3.271826573768232826e-01 3.519288795314954449e-02 1.084442809514784244e-02 1.614062687742158497e-02 2.091620540462548958e-02 1.067639880261704866e-01 3.277325034000819204e-01 4.698759520057516417e-03 3.292483188619046292e-04
2.124634758078883939e-02 1.307890203277065344e-01 3.228783472892980400e-01 3.641102613392445397e-02 1.052124439574822663e-02 1.681100989819794139e-02 2.044711277983129322e-02 1.064818401232782430e-01 3.293237734741399914e-01 4.756183740041692622e-03 3.340942570064269943e-04
2.159724213381102043e-02 1.322671391054409396e-01 3.185721785862115629e-01 3.761200562796686991e-02 1.025001980720830104e-02 1.751471181903495322e-02 1.997345344937681913e-02 1.061781917264628533e-01 3.308825085020006829e-01 4.813667987827121957e-03 3.388812546361753418e-04
2.194904960969684682e-02 1.337361816545231119e-01 3.142692161097126458e-01 3.879118959067010680e-02 1.002892396686436323e-02 1.825298677685275456e-02 1.949664996330158911e-02 1.058518485592983560e-01 3.324091593871562611e-01 4.871187745300762859e-03 3.436066366601428349e-04
2.230169717464629275e-02 1.351957160288658755e-01 3.099743166052290055e-01 3.994418177564533490e-02 9.856088300199204733e-03 1.902713846243842682e-02 1.901800142791646234e-02 1.055016743343120122e-01 3.339041993101785621e-01 4.928718640312526426e-03 3.482679402359175301e-04
2.265511175940374336e-02 1.366453093935961483e-01 3.056921263425731450e-01 4.106683501646657408e-02 9.729610329908752742e-03 1.983850887086294548e-02 1.853868131322215437e-02 1.051265947656582073e-01 3.353681227417429911e-01 4.986236536979696612e-03 3.528629295622853919e-04
2.300922003679427980e-02 1.380845279630366351e-01 3.014270794341989967e-01 4.215525842190673972e-02 9.647558188306211424e-03 2.068846640406819815e-02 1.805973653875419388e-02 1.047256013373430439e-01 3.368014444358431447e-01 5.043717629186797793e-03 3.573896105670000111e-04
2.336394840011981125e-02 1.395129369549469034e-01 2.971833968233056344e-01 4.320582330345525135e-02 9.607975318413152985e-03 2.157839338793455727e-02 1.758208780830167878e-02 1.042977548165424651e-01 3.382046984042946791e-01 5.101138537231963629e-03 3.618462454477012580e-04
2.371922294274753096e-02 1.409301005618289193e-01 2.929650859112619132e-01 4.421516785911627778e-02 9.608885346605746877e-03 2.250967307275968457e-02 1.710653115536346636e-02 1.038421885017798418e-01 3.395784368738488657e-01 5.158476407623521255e-03 3.662313670257474245e-04
2.407496943922535562e-02 1.423355819403480105e-01 2.887759407932737887e-01 4.518020064186969303e-02 9.648297107382079046e-03 2.348367619208029805e-02 1.663374065263306320e-02 1.033581111972716460e-01 3.409232292270679698e-01 5.215709015970695916e-03 3.705437928727688297e-04
2.443111332822264434e-02 1.437289432195145156e-01 2.846195430707016416e-01 4.609810284584094087e-02 9.724209798686206732e-03 2.450174716034239641e-02 1.616427223115545278e-02 1.028448099056304965e-01 3.422396609277601476e-01 5.272814872935122424e-03 3.747826391678189773e-04
2.478757969763050253e-02 1.451097455285039195e-01 2.804992632070115177e-01 4.696632944706036206e-02 9.834618244396879302e-03 2.556518999458270991e-02 1.569856854742959773e-02 1.023016522328314137e-01 3.435283324330733468e-01 5.329773333215376621e-03 3.789473342446786222e-04
2.514429327207141213e-02 1.464775490444877870e-01 2.764182623940786843e-01 4.778260923944004784e-02 9.977518239023033461e-03 2.667525404940852135e-02 1.523696483013899441e-02 1.017280884994327117e-01 3.447898580926084255e-01 5.386564707514040345e-03 3.830376317878041734e-04
2.550117840311566519e-02 1.478319130612128218e-01 2.723794948951965278e-01 4.854494380976842605e-02 1.015091194820716761e-02 2.783311965815220279e-02 1.477969563216009925e-02 1.011236535545383952e-01 3.460248650365576051e-01 5.443170377436424776e-03 3.870536236364241272e-04
8.720275564153799619e-03 7.011123419192510919e-02 4.247366822873580028e-01 4.065495735688056528e-02 6.371062033124812174e-02 1.133676823959976938e-02 2.141079587596697240e-02 1.272070167497092452e-01 2.294685791442782619e-01 2.507288552388467744e-03 1.357817064958117973e-04
8.970904684123292769e-03 7.157932281351736536e-02 4.249970637382774474e-01 3.844447161709556304e-02 6.101932818560668048e-02 1.072630529693536020e-02 2.217552060810802292e-02 1.271561541937283601e-01 2.322437913169342893e-01 2.547149801864617095e-03 1.399877437970007972e-04
9.225096799211700629e-03 7.305587740529594087e-02 4.250172181552557826e-01 3.638983893361311811e-02 5.839407376824658213e-02 1.017423617754751805e-02 2.289962936873995991e-02 1.271154425038014402e-01 2.349967084267672868e-01 2.587622985188254253e-03 1.442554763388500443e-04
9.482804463210434479e-03 7.454046536452252347e-02 4.248015501305343888e-01 3.449225912893149476e-02 5.583571176198354191e-02 9.678055706509338524e-03 2.358055959780996913e-02 1.270847623313012820e-01 2.377265379167213810e-01 2.628710920795967500e-03 1.485826776577729626e-04
9.743978755736681929e-03 7.603265248622138872e-02 4.243548264430391237e-01 3.275232298636804318e-02 5.334500474148715088e-02 9.235338362897697190e-03 2.421606410074858204e-02 1.270639120090678031e-01 2.404325177883281095e-01 2.670415350873357047e-03 1.529669752280084683e-04
1.000856936549588891e-02 7.753200322983674897e-02 4.236821548739755916e-01 3.117002745123263405e-02 5.092262771266872073e-02 8.843735579259782639e-03 2.480421393933125718e-02 1.270526078460052499e-01 2.431139172371742374e-01 2.712736913282683734e-03 1.574058517193938534e-04
1.027652467160323699e-02 7.903808096305132980e-02 4.227889625543010954e-01 2.974479286169318462e-02 4.856917225619972189e-02 8.500973677545355101e-03 2.534339926548823119e-02 1.270504847424358541e-01 2.457700372445510983e-01 2.755675116380441273e-03 1.618966467244828281e-04
1.054779182262998924e-02 8.055044818247880656e-02 4.216809739350477204e-01 2.847548207421267755e-02 4.628515025534411104e-02 8.204852468849789179e-03 2.583232813526881166e-02 1.270570971253323633e-01 2.484002111250519229e-01 2.799228316805474608e-03 1.664365589683461139e-04
1.082231681309100274e-02 8.206866671141534175e-02 4.203641884723799960e-01 2.736042134340164675e-02 4.407099719520567171e-02 7.953244530770012949e-03 2.627002335380859005e-02 1.270719202007845605e-01 2.510038050298079026e-01 2.843393700310085578e-03 1.710226490134068768e-04
1.110004455701923791e-02 8.359229787433118675e-02 4.188448581161073880e-01 2.639742281201359897e-02 4.192707502775798456e-02 7.744095163282857172e-03 2.665581741591767362e-02 1.270943515200965712e-01 2.535802184053113639e-01 2.888167265685518802e-03 1.756518424693256680e-04
1.138091895842291944e-02 8.512090264859621669e-02 4.171294646892221847e-01 2.558380846341308176e-02 3.985367460323259448e-02 7.575423011300548570e-03 2.698934561891134370e-02 1.271237128538184324e-01 2.561288844074794957e-01 2.933543811843325900e-03 1.803209337180355963e-04
1.166488297832424248e-02 8.665404179351934855e-02 4.152246972431667960e-01 2.491643538677485240e-02 3.785101767506399151e-02 7.445321330257990630e-03 2.727053743630857008e-02 1.271592523671329078e-01 2.586492702711815639e-01 2.979516928090919416e-03 1.850265901625501770e-04
1.195187869820121297e-02 8.819127595717501933e-02 4.131374294712626405e-01 2.439172220315334941e-02 3.591925849128974058e-02 7.351959859929429672e-03 2.749960625154797625e-02 1.272001470881769514e-01 2.611408776345975347e-01 3.026078987650740459e-03 1.897653570054657951e-04
1.224184737961505828e-02 8.973216576152222290e-02 4.108746972596165059e-01 2.400567650022705779e-02 3.405848499085039477e-02 7.293587261266235022e-03 2.767703756083602501e-02 1.272455056598243428e-01 2.636032428192450761e-01 3.073221144451179863e-03 1.945336625639980670e-04
1.253472951987106600e-02 9.127627186646392055e-02 4.084436764515091411e-01 2.375392312332520739e-02 3.226871962818061990e-02 7.268534061733066681e-03 2.780357576283652710e-02 1.272943713642056551e-01 2.660359370645517529e-01 3.120933333218307761e-03 1.993278241238785262e-04
1.283046490357891284e-02 9.282315501354926335e-02 4.058516608978761653e-01 2.363173317107346294e-02 3.054991985400077464e-02 7.275216045998463867e-03 2.788020966075000634e-02 1.273457254077435818e-01 2.684385667181795054e-01 3.169204272897233141e-03 2.041440543365114347e-04
1.312899264999469948e-02 9.437237605012140096e-02 4.031060408632139991e-01 2.363405354571812556e-02 2.890197828422407661e-02 7.312138021630125786e-03 2.790815680877600791e-02 1.273984904535967189e-01 2.708107733811342954e-01 3.218021473415697432e-03 2.089784681583497237e-04
1.343025125607566136e-02 9.592349593492906223e-02 4.002142818512038347e-01 2.375553691025471953e-02 2.732472259212444243e-02 7.377897882916027196e-03 2.788884684059497049e-02 1.274515343873307560e-01 2.731522340084467926e-01 3.267371245809441195e-03 2.138270903330935285e-04
1.373417863520032083e-02 9.747607572611508009e-02 3.971839039120707016e-01 2.399057190739613959e-02 2.581791516203687034e-02 7.471190890830730312e-03 2.782390392170239202e-02 1.275036743005163453e-01 2.754626609649790114e-01 3.317238715710701339e-03 2.186858634131914046e-04
1.404071215154479614e-02 9.902967655282415849e-02 3.940224614878915510e-01 2.433331349918743322e-02 2.438125254496082556e-02 7.590814082945197133e-03 2.771512847075496486e-02 1.275536806762214703e-01 2.777418020371163476e-01 3.367607840223648362e-03 2.235506563175197942e-04
1.434978865008912016e-02 1.005838595713930972e-01 3.907375238486076041e-01 2.477771328981065099e-02 2.301436475812389942e-02 7.735670724303239827e-03 2.756447829706538261e-02 1.276002817593200056e-01 2.799894403996913139e-01 3.418461428166047131e-03 2.284172734180273329e-04
1.466134448234441591e-02 1.021381859076101600e-01 3.873366561670854580e-01 2.531754969929780885e-02 2.171681447195401848e-02 7.904774708210528245e-03 2.737404930234457051e-02 1.276421680942199655e-01 2.822053945390879948e-01 3.469781163699438460e-03 2.332814641487858983e-04
1.497531552783459667e-02 1.036922165862044776e-01 3.838274012769842813e-01 2.594645786069801896e-02 2.048809612824023171e-02 8.097254815434018829e-03 2.714605589467247379e-02 1.276779972114700235e-01 2.843895181320383880e-01 3.521547633331221974e-03 2.381389331267761409e-04
1.529163721143658554e-02 1.052455124490606769e-01 3.802172621523889906e-01 2.665795911908789423e-02 1.932763503348194564e-02 8.312358740525270170e-03 2.688281126133895693e-02 1.277063984446438760e-01 2.865416998809456883e-01 3.573740356287372164e-03 2.429853507743822295e-04
1.561024451670669708e-02 1.067976340634541887e-01 3.765136851450128219e-01 2.744549001702362850e-02 1.823478647098043109e-02 8.549456795577616355e-03 2.658670764496619959e-02 1.277259778582032212e-01 2.886618633053614769e-01 3.626337818250582618e-03 2.478163644292776489e-04
1.593107199533334850e-02 1.083481416218547710e-01 3.727240440078096739e-01 2.830243065706702921e-02 1.720883487418838759e-02 8.808045204203585055e-03 2.626019676401309538e-02 1.277353232667984007e-01 2.907499664903870351e-01 3.679317508452537976e-03 2.526276099273609558e-04
1.625405377288728637e-02 1.098965948348076399e-01 3.688556247323148130e-01 2.922213233942030225e-02 1.624899310254247428e-02 9.087748901994060699e-03 2.590577051444484941e-02 1.277330093260688471e-01 2.928060017917751279e-01 3.732655960106841773e-03 2.574147236417543465e-04
1.657912355108430089e-02 1.114425528184185415e-01 3.649156112206570768e-01 3.019794437917825564e-02 1.535440185904945673e-02 9.388323764146389028e-03 2.552594208427779593e-02 1.277176026752180060e-01 2.948299954988189975e-01 3.786328794183604560e-03 2.621733549597527108e-04
1.690621460675208534e-02 1.129855739780017687e-01 3.609110718091571024e-01 3.122324001540768834e-02 1.452412928671887107e-02 9.709658186280632763e-03 2.512322760664100624e-02 1.276876671110988570e-01 2.968220074542822218e-01 3.840310766488534092e-03 2.668991791767235549e-04
1.723525978775025322e-02 1.145252158893617506e-01 3.568489466570637925e-01 3.229144133136772898e-02 1.375717077833489912e-02 1.005177395045194974e-02 2.470012847011173254e-02 1.276417687739438700e-01 2.987821306327539395e-01 3.894575818058701022e-03 2.715879107856242745e-04
1.756619150610348734e-02 1.160610351794351403e-01 3.527360360089304425e-01 3.339604311315200885e-02 1.305244903108354962e-02 1.041482631523342819e-02 2.425911439781314877e-02 1.275784813249686289e-01 3.007104906773437891e-01 3.949097128840281697e-03 2.762353171381471783e-04
1.789894172862025595e-02 1.175925874077455580e-01 3.485789893354408475e-01 3.453063558128873639e-02 1.240881437435335972e-02 1.079910327613246672e-02 2.380260739832868594e-02 1.274963910959758806e-01 3.026072453950224839e-01 4.003847174643789496e-03 2.808372324515915393e-04
1.823344196527717023e-02 1.191194269502544451e-01 3.443842953542021190e-01 3.568892593795544577e-02 1.182504539564877347e-02 1.120502395062927641e-02 2.333296668291703901e-02 1.273941021918286176e-01 3.044725842117569359e-01 4.058797787353450939e-03 2.853895721357080470e-04
1.856962325567749691e-02 1.206411068871579978e-01 3.401582729271378502e-01 3.686475867978571824e-02 1.129984988576577913e-02 1.163313605047649330e-02 2.285247463429764675e-02 1.272702415267967513e-01 3.063067275870863249e-01 4.113920218381426734e-03 2.898883474098259234e-04
1.890741615390210961e-02 1.221571788960772731e-01 3.359070628287915139e-01 3.805213463413373298e-02 1.083186612071100272e-02 1.208411241292617691e-02 2.236332390250677163e-02 1.271234637760035313e-01 3.081099263894238049e-01 4.169185205335718646e-03 2.943296801804359754e-04
1.924675071205725341e-02 1.236671931522386192e-01 3.316366203757843412e-01 3.924522868421069510e-02 1.041966449384464435e-02 1.255874657140774141e-02 2.186760569349254987e-02 1.269524562245530341e-01 3.098824612323575756e-01 4.224563041897707281e-03 2.987098181485679663e-04
1.958755646287236793e-02 1.251706982368794019e-01 3.273527089049194649e-01 4.043840615587307452e-02 1.006174950779317387e-02 1.305794735579289892e-02 2.136729930577791273e-02 1.267559434961924580e-01 3.116246417729017781e-01 4.280023650886118428e-03 3.030251501127685220e-04
1.992976240165805074e-02 1.266672410555046147e-01 3.230608940839665433e-01 4.162623784605995469e-02 9.756562131603790239e-03 1.358273252156133593e-02 2.086426296016980625e-02 1.265326921455407483e-01 3.133368059719999210e-01 4.335536660481666832e-03 3.072722214352576441e-04
2.027329696797437047e-02 1.281563667670650997e-01 3.187665390370299501e-01 4.280351368030614612e-02 9.502482524699741584e-03 1.413422141680541894e-02 2.036022595689339701e-02 1.262815150974133660e-01 3.150193193185629181e-01 4.391071483597703412e-03 3.114477496339237983e-04
2.061808802736334045e-02 1.296376187256038925e-01 3.144748002632813955e-01 4.396525499306996182e-02 9.297833125176190733e-03 1.471362670535166992e-02 1.985678218407339879e-02 1.260012759180491604e-01 3.166725740175632131e-01 4.446597400373631867e-03 3.155486400664752125e-04
2.096406285343523426e-02 1.311105384352650172e-01 3.101906243260051932e-01 4.510672543182332045e-02 9.140882096139276575e-03 1.532224517349811341e-02 1.935538499098599097e-02 1.256908929041399836e-01 3.182969881432397008e-01 4.502083643769915454e-03 3.195720016657467057e-04
2.131114811070120713e-02 1.325746655200779611e-01 3.059187452862734968e-01 4.622344049171043384e-02 9.029847120106760175e-03 1.596144765689630832e-02 1.885734342901840277e-02 1.253493429758538724e-01 3.198930047584275238e-01 4.557499488241831091e-03 3.235151626922773156e-04
2.165926983843771692e-02 1.340295377093576046e-01 3.016636828540527060e-01 4.731117569392134098e-02 8.962899527810574626e-03 1.663266813288013374e-02 1.836381985335326303e-02 1.249756653614181451e-01 3.214610910008678379e-01 4.612814341454918830e-03 3.273756864601427732e-04
