7.560614735435179125e-04 7.035996254239191422e-03 3.748807858841819111e-04 1.019676886978426456e-01 1.083663876983831376e-01 9.909350882670716829e-03 7.767374317019080932e-02 6.614196926428750345e-01 6.324552474766613822e-03 2.432821867093488272e-02 1.843427248656412647e-03
7.558435398609078971e-04 7.040584618708980655e-03 3.711369166396210782e-04 1.024692830256743736e-01 1.084370130376689362e-01 9.932275357701705887e-03 7.768327999970016384e-02 6.608290190720468305e-01 6.298766856349087909e-03 2.434019161777561946e-02 1.842605957810044149e-03
7.556264184668478896e-04 7.045179184443559756e-03 3.674426936722919668e-04 1.029719215334440330e-01 1.085074631292979042e-01 9.955263577302928338e-03 7.769262587533255771e-02 6.602374598407244610e-01 6.273055445180747772e-03 2.435217782580603382e-02 1.841784476337028588e-03
7.554101111654648332e-04 7.049779992986553168e-03 3.637983102563155683e-04 1.034756023215953891e-01 1.085777377488457845e-01 9.978315415360369117e-03 7.770178071910385786e-02 6.596450172513830257e-01 6.247418120588694654e-03 2.436417720482836682e-02 1.840962803903067619e-03
7.551946197561000031e-04 7.054387085817108265e-03 3.602039593713907270e-04 1.039803234843760527e-01 1.086478366720721039e-01 1.000143074561502844e-02 7.771074445437044231e-02 6.590516936119669156e-01 6.221854761982612177e-03 2.437618966447835725e-02 1.840140940165053973e-03
7.549799460424453604e-04 7.059000504379579939e-03 3.566598337068585967e-04 1.044860831094220899e-01 1.087177596754817371e-01 1.002460944150512789e-02 7.771951700537817198e-02 6.584574912362085586e-01 6.196365248693474354e-03 2.438821511439621947e-02 1.839318884797493461e-03
7.547660918248038676e-04 7.063620290118062008e-03 3.531661256211113048e-04 1.049928792826953367e-01 1.087875065365624117e-01 1.004785137644737328e-02 7.772809829764949774e-02 6.578624124375539450e-01 6.170949459850447009e-03 2.440025346421386895e-02 1.838496637466763631e-03
7.545530589115434332e-04 7.068246484504770756e-03 3.497230271493225839e-04 1.055007100876665938e-01 1.088570770344511052e-01 1.007115642366469485e-02 7.773648825748087632e-02 6.572664595303269186e-01 6.145607274229183611e-03 2.441230462374727878e-02 1.837674197859000312e-03
7.543408491039864947e-04 7.072879128944678517e-03 3.463307300240372599e-04 1.060095736016513079e-01 1.089264709483377669e-01 1.009452445622980969e-02 7.774468681254699531e-02 6.566696348341840572e-01 6.120338570717731227e-03 2.442436850263940765e-02 1.836851565651546891e-03
7.541294642097204435e-04 7.077518264808521989e-03 3.429894256726281464e-04 1.065194678957050722e-01 1.089956880583490134e-01 1.011795534694364188e-02 7.775269389136167664e-02 6.560719406738192427e-01 6.095143228064968735e-03 2.443644501054624552e-02 1.836028740537355361e-03
7.539189060320280631e-04 7.082163933462995095e-03 3.396993051900063518e-04 1.070303910388310520e-01 1.090647281454395767e-01 1.014144896856357045e-02 7.776050942374264363e-02 6.554733793745154413e-01 6.070021124886332275e-03 2.444853405711801958e-02 1.835205722203637514e-03
7.537091763814537980e-04 7.086816176297500158e-03 3.364605593384649364e-04 1.075423410977659894e-01 1.091335909922936664e-01 1.016500519365391708e-02 7.776813334031326685e-02 6.548739532619752834e-01 6.044972139439531988e-03 2.446063555218643340e-02 1.834382510356466793e-03
7.535002770628644510e-04 7.091475034633597935e-03 3.332733785665952051e-04 1.080553161332601653e-01 1.092022763816550279e-01 1.018862389466391842e-02 7.777556557300814577e-02 6.542736646669722322e-01 6.019996150068472086e-03 2.447274940541355540e-02 1.833559104692448517e-03
7.532922098855009303e-04 7.096140549758532014e-03 3.301379530149676014e-04 1.085693141991116856e-01 1.092707840970525424e-01 1.021230494370978237e-02 7.778280605470003217e-02 6.536725159263102602e-01 5.995093035064494660e-03 2.448487552646670326e-02 1.832735504926604050e-03
7.530849766548922694e-04 7.100812762948957232e-03 3.270544724748451260e-04 1.090843333484687039e-01 1.093391139231098264e-01 1.023604821294731709e-02 7.778985471950919384e-02 6.530705093756028479e-01 5.970262672494760885e-03 2.449701382503251604e-02 1.831911710764184357e-03
7.528785791841813117e-04 7.105491715506520589e-03 3.240231264032121679e-04 1.096003716311153980e-01 1.094072656459641468e-01 1.025985357429572836e-02 7.779671150233478938e-02 6.524676473521799913e-01 5.945504940129804627e-03 2.450916421096058576e-02 1.831087721931830194e-03
7.526730192797584894e-04 7.110177448657238608e-03 3.210441039357718658e-04 1.101174270911359498e-01 1.094752390518882318e-01 1.028372089955128382e-02 7.780337633947329024e-02 6.518639321981675172e-01 5.920819715841263778e-03 2.452132659394381034e-02 1.830263538147003030e-03
7.524682987534891303e-04 7.114870003592965036e-03 3.181175938832993396e-04 1.106354977663709521e-01 1.095430339280581838e-01 1.030765006023966202e-02 7.780984916807826002e-02 6.512593662608102685e-01 5.896206877382403032e-03 2.453350088368779630e-02 1.829439159143651794e-03
7.522644194129843699e-04 7.119569421492587431e-03 3.152437847103345707e-04 1.111545816926988173e-01 1.096106500625337321e-01 1.033164092784156357e-02 7.781612992658502870e-02 6.506539518877647588e-01 5.871666302387975982e-03 2.454568698990242104e-02 1.828614584648590932e-03
7.520613830726200063e-04 7.124275743554298219e-03 3.124228645337337983e-04 1.116746769037502279e-01 1.096780872450151406e-01 1.035569337367499808e-02 7.782221855424729939e-02 6.500476914270778561e-01 5.847197868149379800e-03 2.455788482247376128e-02 1.827789814408454106e-03
7.518591915411114348e-04 7.128989010903846041e-03 3.096550211388700486e-04 1.121957814272796922e-01 1.097453452653739669e-01 1.037980726890972739e-02 7.782811499163969082e-02 6.494405872318573802e-01 5.822801452053412777e-03 2.457009429114139984e-02 1.826964848161017913e-03
7.516578466305486299e-04 7.133709264625611585e-03 3.069404419820980683e-04 1.127178932846177040e-01 1.098124239142486830e-01 1.040398248444311322e-02 7.783381918026929802e-02 6.488326416604308644e-01 5.798476931429428702e-03 2.458231530563381728e-02 1.826139685659963546e-03
7.514573501504329253e-04 7.138436545790679752e-03 3.042793141618623963e-04 1.132410104953961993e-01 1.098793229832929763e-01 1.042821889115152188e-02 7.783933106291619775e-02 6.482238570712939296e-01 5.774224183438798549e-03 2.459454777571554521e-02 1.825314326653635104e-03
7.512577039158009401e-04 7.143170895483836290e-03 3.016718244232101387e-04 1.137651310768904578e-01 1.099460422657689562e-01 1.045251635972617096e-02 7.784465058312457775e-02 6.476142358235059682e-01 5.750043084936073620e-03 2.460679161131107059e-02 1.824488770908628144e-03
7.510589097368737012e-04 7.147912354719945446e-03 2.991181591708403720e-04 1.142902530405727757e-01 1.100125815550500319e-01 1.047687476073737647e-02 7.784977768583140056e-02 6.470037802809223138e-01 5.725933512878728093e-03 2.461904672219861201e-02 1.823663018182772452e-03
7.508609694267549123e-04 7.152660964465727689e-03 2.966185044709868058e-04 1.148163743915892460e-01 1.100789406454078800e-01 1.050129396447267022e-02 7.785471231686819094e-02 6.463924928127310343e-01 5.701895344142479498e-03 2.463131301817010968e-02 1.822837068250893764e-03
7.506638847955477475e-04 7.157416765675723991e-03 2.941730460244312319e-04 1.153434931333818941e-01 1.101451193320188982e-01 1.052577384120212400e-02 7.785945442335429068e-02 6.457803757881951379e-01 5.677928455474632458e-03 2.464359040903516679e-02 1.822010920881246901e-03
7.504676576594929410e-04 7.162179799309572811e-03 2.917819691727941193e-04 1.158716072669978558e-01 1.102111174116982839e-01 1.055031426101462298e-02 7.786400395315032363e-02 6.451674315770642432e-01 5.654032723311211081e-03 2.465587880476648522e-02 1.821184575861611431e-03
7.502722898290628377e-04 7.166950106249680118e-03 2.894454589113496130e-04 1.164007147867490710e-01 1.102769346812887408e-01 1.057491509384106930e-02 7.786836085552516218e-02 6.445536625551794296e-01 5.630208024237096098e-03 2.466817811517810557e-02 1.820358032972595142e-03
7.500777831150431171e-04 7.171727727342684482e-03 2.871636998787046886e-04 1.169308136829961542e-01 1.103425709385709719e-01 1.059957620945589304e-02 7.787252508082116720e-02 6.439390711010040125e-01 5.606454234731871392e-03 2.468048825010925318e-02 1.819531292001263329e-03
7.498841393336579250e-04 7.176512703447890558e-03 2.849368763401196767e-04 1.174619019446933033e-01 1.104080259829987171e-01 1.062429747750297075e-02 7.787649658016455867e-02 6.433236595922480205e-01 5.582771230940685239e-03 2.469280911957093261e-02 1.818704352750474427e-03
7.496913602950671393e-04 7.181305075365594648e-03 2.827651722065998175e-04 1.179939775553549564e-01 1.104732996142451795e-01 1.064907876751506992e-02 7.788027530610533433e-02 6.427074304113900016e-01 5.559158889113405104e-03 2.470514063345502151e-02 1.817877215014519938e-03
7.494994478131988911e-04 7.186104883825723995e-03 2.806487710339501066e-04 1.185270384919036024e-01 1.105383916327788291e-01 1.067391994874405427e-02 7.788386121207166446e-02 6.420903859461017937e-01 5.535617085442758392e-03 2.471748270165119096e-02 1.817049878604091225e-03
7.493084036977413218e-04 7.190912169557767825e-03 2.785878560000768726e-04 1.190610827299815877e-01 1.106033018400610773e-01 1.069882089043147633e-02 7.788725425281119163e-02 6.414725285840389146e-01 5.512145695991435904e-03 2.472983523408346304e-02 1.816222343323926946e-03
7.491182297649713780e-04 7.195726973281469686e-03 2.765826099117820922e-04 1.195961082425937710e-01 1.106680300391336969e-01 1.072378146164565914e-02 7.789045438379886555e-02 6.408538607134893761e-01 5.488744596538527171e-03 2.474219814083259208e-02 1.815394608998336691e-03
7.489289278245843569e-04 7.200549335648614470e-03 2.746332152077548129e-04 1.201321129974709384e-01 1.107325760332511649e-01 1.074880153134816219e-02 7.789346156191552517e-02 6.402343847270270949e-01 5.465413662957959925e-03 2.475457133186311984e-02 1.814566675441448311e-03
7.487404996892969020e-04 7.205379297253223375e-03 2.727398539684493185e-04 1.206690949555206949e-01 1.107969396264391476e-01 1.077388096818931995e-02 7.789627574499650986e-02 6.396141030232339597e-01 5.442152771107742343e-03 2.476695471713521307e-02 1.813738542487211905e-03
7.485529471684627869e-04 7.210216898675256801e-03 2.709027078855210367e-04 1.212070520768201431e-01 1.108611206237569147e-01 1.079901964085877748e-02 7.789889689211182411e-02 6.389930179993998927e-01 5.418961796680241659e-03 2.477934820664688328e-02 1.812910209959007037e-03
7.483662720772259669e-04 7.215062180483570314e-03 2.691219582716818277e-04 1.217459823185154527e-01 1.109251188318318149e-01 1.082421741784836411e-02 7.790132496310023247e-02 6.383711320544767087e-01 5.395840615120668649e-03 2.479175171055586491e-02 1.812081677703302005e-03
7.481804762245309291e-04 7.219915183180890955e-03 2.673977860672160402e-04 1.222858836326346649e-01 1.109889340575134498e-01 1.084947416754128945e-02 7.790355991924198531e-02 6.377484475911955331e-01 5.372789101969664693e-03 2.480416513890751004e-02 1.811252945555541375e-03
7.479955614222881044e-04 7.224775947203572642e-03 2.657303718382621042e-04 1.228267539645433726e-01 1.110525661084033056e-01 1.087478975806032040e-02 7.790560172268279349e-02 6.371249670180051394e-01 5.349807132733790799e-03 2.481658840173940964e-02 1.810424013368994427e-03
7.478115294779369990e-04 7.229644512978139481e-03 2.641198957624349268e-04 1.233685912585748001e-01 1.111160147931612441e-01 1.090016405751065461e-02 7.790745033689096266e-02 6.365006927427021566e-01 5.326894582796392295e-03 2.482902140913988490e-02 1.809594880990273011e-03
7.476283822062711540e-04 7.234520920910443749e-03 2.625665376272415469e-04 1.239113934562508651e-01 1.111792799220096273e-01 1.092559693383226248e-02 7.790910572607637197e-02 6.358756271741621280e-01 5.304051327282949604e-03 2.484146407134691162e-02 1.808765548285631028e-03
7.474461214137255623e-04 7.239405211343649151e-03 2.610704768392230744e-04 1.244551584941709921e-01 1.112423613053620530e-01 1.095108825486369730e-02 7.791056785585430411e-02 6.352497727251235071e-01 5.281277241412382292e-03 2.485391629850120312e-02 1.807936015112186681e-03
7.472647489111050936e-04 7.244297424550157419e-03 2.596318924259844786e-04 1.249998843017015443e-01 1.113052587544237498e-01 1.097663788812886822e-02 7.791183669279547197e-02 6.346231318145941769e-01 5.258572200420225107e-03 2.486637800071779189e-02 1.807106281345463583e-03
7.470842665037904628e-04 7.249197600787825498e-03 2.582509630127455724e-04 1.255455688084791688e-01 1.113679720815030499e-01 1.100224570125309109e-02 7.791291220471328882e-02 6.339957068593439216e-01 5.235936079355501399e-03 2.487884908818699045e-02 1.806276346851466057e-03
7.469046760039041704e-04 7.254105780294614787e-03 2.569278668332256434e-04 1.260922099402125018e-01 1.114305011003915435e-01 1.102791156159282915e-02 7.791379436018494586e-02 6.333675002786569586e-01 5.213368753067210495e-03 2.489132947124252787e-02 1.805446211518516942e-03
7.467259792168461216e-04 7.259022003242729393e-03 2.556627817300832599e-04 1.266398056180710330e-01 1.114928456250955657e-01 1.105363533644968324e-02 7.791448312923229813e-02 6.327385144950972151e-01 5.190870096495712668e-03 2.490381906011204446e-02 1.804615875225060910e-03
7.465481779506398822e-04 7.263946309726211983e-03 2.544558851558216344e-04 1.271883537564937883e-01 1.115550054704826377e-01 1.107941689284711734e-02 7.791497848278225447e-02 6.321087519370837127e-01 5.168439984572496815e-03 2.491631776502358300e-02 1.803785337867284087e-03
7.463712740087868110e-04 7.268878739828929340e-03 2.533073541583471047e-04 1.277378522690767459e-01 1.116169804523752668e-01 1.110525609781135709e-02 7.791528039303949327e-02 6.314782150320041865e-01 5.146078292105830954e-03 2.492882549625954208e-02 1.802954599334045125e-03
7.461952692011740006e-04 7.273819333606928485e-03 2.522173653838796748e-04 1.282882990665231426e-01 1.116787703882113070e-01 1.113115281820015526e-02 7.791538883295964779e-02 6.308469062084207657e-01 5.123784893669280222e-03 2.494134216425567679e-02 1.802123659534528429e-03
7.460201653300298479e-04 7.278768131050434090e-03 2.511860950790865076e-04 1.288396920548980085e-01 1.117403750956117991e-01 1.115710692078971701e-02 7.791530377693520193e-02 6.302148278986473562e-01 5.101559663944262718e-03 2.495386767935034097e-02 1.801292518368587982e-03
7.458459642007244424e-04 7.283725172068935931e-03 2.502137190934910225e-04 1.293920291331745187e-01 1.118017943930597613e-01 1.118311827204497566e-02 7.791502520029496004e-02 6.295819825407686920e-01 5.079402477620079993e-03 2.496640195187345423e-02 1.800461175753666123e-03
7.456726676138046919e-04 7.288690496562316885e-03 2.493004128636604568e-04 1.299453082000962822e-01 1.118630281000060206e-01 1.120918673850471170e-02 7.791455307963758570e-02 6.289483725716733531e-01 5.057313209243601525e-03 2.497894489222142120e-02 1.799629631600188672e-03
7.455002773758310315e-04 7.293664144393740938e-03 2.484463514187671188e-04 1.304995271510525079e-01 1.119240760374657223e-01 1.123531218648252984e-02 7.791388739229763993e-02 6.283140004295862946e-01 5.035291733163380599e-03 2.499149641094107130e-02 1.798797885838892890e-03
7.453287952865740801e-04 7.298646155360647737e-03 2.476517093789394781e-04 1.310546838770487721e-01 1.119849380267175787e-01 1.126149448224026545e-02 7.791302811706111997e-02 6.276788685562169068e-01 5.013337923827127299e-03 2.500405641848348418e-02 1.797965938391124247e-03
7.451582231476091113e-04 7.303636569182276467e-03 2.469166609585799876e-04 1.316107762621210875e-01 1.120456138898232451e-01 1.128773349174891708e-02 7.791197523363802002e-02 6.270429793991484368e-01 4.991451655687112292e-03 2.501662482529809148e-02 1.797133789196245918e-03
7.449885627561834804e-04 7.308635425557624687e-03 2.462413799534370561e-04 1.321678021898451127e-01 1.121061034498740672e-01 1.131402908101244130e-02 7.791072872302912122e-02 6.264063354048284848e-01 4.969632803086029837e-03 2.502920154190032415e-02 1.796301438186176077e-03
7.448198159153784177e-04 7.313642764147344766e-03 2.456260397433569168e-04 1.327257595406767243e-01 1.121664065315178677e-01 1.134038111584797538e-02 7.790928856696895111e-02 6.257689390207312741e-01 4.947881240156173921e-03 2.504178647894951537e-02 1.795468885313592552e-03
7.446519844211128055e-04 7.318658624552129219e-03 2.450708132933407781e-04 1.332846461907458424e-01 1.122265229596383362e-01 1.136678946201040950e-02 7.790765474861967299e-02 6.251307926980680385e-01 4.926196841137137246e-03 2.505437954703261180e-02 1.794636130521039350e-03
7.444850700691817104e-04 7.323683046259545776e-03 2.445758731537867091e-04 1.338444600071934665e-01 1.122864525595635571e-01 1.139325398490565258e-02 7.790582725221441296e-02 6.244918988958259032e-01 4.904579480400668087e-03 2.506698065663244546e-02 1.793803173768330952e-03
7.443190746588408636e-04 7.328716068818001521e-03 2.441413914435816698e-04 1.344051988633031547e-01 1.123461951590042918e-01 1.141977455014594849e-02 7.790380606283543730e-02 6.238522600643600091e-01 4.883029031801602686e-03 2.507958971860310346e-02 1.792970015016358233e-03
7.441539999827239066e-04 7.333757731652528269e-03 2.437675398666466796e-04 1.349668606227614198e-01 1.124057505854699490e-01 1.144635102305317960e-02 7.790159116694281294e-02 6.232118786629029517e-01 4.861545369491240658e-03 2.509220664359218186e-02 1.792136654226945134e-03
7.439898478352059263e-04 7.338808074114241270e-03 2.434544897030908666e-04 1.355294431436757097e-01 1.124651186673792935e-01 1.147298326873474883e-02 7.789918255195929508e-02 6.225707571553692476e-01 4.840128367595901600e-03 2.510483134226687563e-02 1.791303091377285245e-03
7.438266200070380637e-04 7.343867135538710914e-03 2.432024118033342239e-04 1.360929442837123249e-01 1.125242992341723980e-01 1.149967115231946904e-02 7.789658020658084270e-02 6.219288980039068271e-01 4.818777900126020378e-03 2.511746372537408678e-02 1.790469326437710892e-03
7.436643182932486376e-04 7.348934955207341718e-03 2.430114765890656109e-04 1.366573618974635806e-01 1.125832921168306161e-01 1.152641453876710430e-02 7.789378412023525988e-02 6.212863036725090327e-01 4.797493840922591006e-03 2.513010370380600392e-02 1.789635359398724680e-03
7.435029444816700084e-04 7.354011572344896011e-03 2.428818540533288662e-04 1.372226938353530434e-01 1.126420971466035315e-01 1.155321329297688028e-02 7.789079428380493719e-02 6.206429766278317439e-01 4.776276063918448098e-03 2.514275118837913311e-02 1.788801190242157984e-03
7.433425003619307343e-04 7.359097026076490133e-03 2.428137137580841385e-04 1.377889379407637727e-01 1.127007141555867592e-01 1.158006727955704016e-02 7.788761068913442609e-02 6.199989193428124823e-01 4.755124443093546559e-03 2.515540608990568527e-02 1.787966818966637336e-03
7.431829877197504994e-04 7.364191355514707049e-03 2.428072248295192273e-04 1.383560920568245867e-01 1.127591429768064896e-01 1.160697636316585651e-02 7.788423332930682896e-02 6.193541342886613732e-01 4.734038852313719042e-03 2.516806831926941129e-02 1.787132245565108916e-03
7.430244083449241786e-04 7.369294599714650527e-03 2.428625559577337278e-04 1.389241540236503258e-01 1.128173834449215512e-01 1.163394040829103526e-02 7.788066219818028102e-02 6.187086239380551467e-01 4.713019165272127296e-03 2.518073778751043351e-02 1.786297470049687166e-03
7.428667640204671303e-04 7.374406797669659508e-03 2.429798753966634888e-04 1.394931216771363447e-01 1.128754353948253492e-01 1.166095927936165559e-02 7.787689729105981562e-02 6.180623907667256445e-01 4.692065255777529836e-03 2.519341440559196357e-02 1.785462492423781035e-03
7.427100565305219584e-04 7.379527988272984590e-03 2.431593509605832482e-04 1.400629928462001628e-01 1.129332986622089002e-01 1.168803284051115124e-02 7.787293860415106517e-02 6.174154372562570270e-01 4.671176997675545450e-03 2.520609808446875807e-02 1.784627312708565207e-03
7.425542876550975287e-04 7.384658210402469426e-03 2.434011500215598682e-04 1.406337653596800852e-01 1.129909730838247889e-01 1.171516095593920503e-02 7.786878613501362068e-02 6.167677658866511647e-01 4.650354264711215393e-03 2.521878873518730579e-02 1.783791930918869834e-03
7.423994591785361549e-04 7.389797502873871916e-03 2.437054395084055391e-04 1.412054370430540495e-01 1.130484584978832530e-01 1.174234348965689893e-02 7.786443988187609355e-02 6.161193791394271591e-01 4.629596930470825968e-03 2.523148626892980639e-02 1.782956347088882846e-03
7.422455728778965889e-04 7.394945904444088190e-03 2.440723859067106029e-04 1.417780057180465791e-01 1.131057547429815680e-01 1.176958030564152595e-02 7.785989984445471079e-02 6.154702794989462822e-01 4.608904868650691780e-03 2.524419059682109223e-02 1.782120561244755633e-03
7.420926305314717300e-04 7.400103453762699179e-03 2.445021552524752209e-04 1.423514691992138204e-01 1.131628616584368918e-01 1.179687126756844007e-02 7.785516602340583625e-02 6.148204694554573191e-01 4.588277952998232392e-03 2.525690162996711841e-02 1.781284573429392460e-03
7.419406339138931265e-04 7.405270189460427636e-03 2.449949131343690141e-04 1.429258253008068857e-01 1.132197790846328905e-01 1.182421623915304830e-02 7.785023842066868260e-02 6.141699514978147256e-01 4.567716057169948773e-03 2.526961927957461704e-02 1.780448383680302820e-03
7.417895848021975212e-04 7.410446150108948062e-03 2.455508246924430031e-04 1.435010718348190550e-01 1.132765068635080558e-01 1.185161508401226006e-02 7.784511703892318946e-02 6.135187281154774741e-01 4.547219054649468024e-03 2.528234345699448965e-02 1.779611992052862338e-03
7.416394849678048387e-04 7.415631374214508124e-03 2.461700546125182663e-04 1.440772066084251846e-01 1.133330448372212584e-01 1.187906766563773080e-02 7.783980188226936880e-02 6.128668018014334917e-01 4.526786819055114187e-03 2.529507407350624001e-02 1.778775398595656282e-03
7.414903361823207278e-04 7.420825900174171999e-03 2.468527671244130249e-04 1.446542274220243285e-01 1.133893928488012570e-01 1.190657384727108851e-02 7.783429295584255725e-02 6.122141750547267502e-01 4.506419224064803393e-03 2.530781104039351442e-02 1.777938603374196050e-03
7.413421402131040172e-04 7.426029766368210001e-03 2.475991260053595064e-04 1.452321320762807177e-01 1.134455507423191151e-01 1.193413349221036923e-02 7.782859026595487228e-02 6.115608503719222044e-01 4.486116143250317920e-03 2.532055426902845435e-02 1.777101606447427980e-03
7.411948988316609341e-04 7.431243011103486756e-03 2.484092945735310405e-04 1.458109183681803034e-01 1.135015183632503005e-01 1.196174646357927446e-02 7.782269381972010958e-02 6.109068302518936289e-01 4.465877450056905847e-03 2.533330367091872481e-02 1.776264407894709166e-03
7.410486138020584528e-04 7.436465672631739979e-03 2.492834356894485406e-04 1.463905840913581891e-01 1.135572955575043924e-01 1.198941262446368353e-02 7.781660362566072964e-02 6.102521171955028745e-01 4.445703018040474130e-03 2.534605915752830008e-02 1.775427007786482391e-03
7.409032868889416437e-04 7.441697789084758194e-03 2.502217117464051554e-04 1.469711270321327479e-01 1.136128821717308085e-01 1.201713183765391706e-02 7.781031969333433718e-02 6.095967137100494204e-01 4.425592720826015958e-03 2.535882064030297797e-02 1.774589406210097487e-03
7.407589198524507177e-04 7.446939398582219823e-03 2.512242846813852147e-04 1.475525449774525433e-01 1.136682780536822646e-01 1.204490396604242924e-02 7.780384203349678673e-02 6.089406223001925245e-01 4.405546431936734411e-03 2.537158803081216579e-02 1.773751603247496504e-03
7.406155144566453847e-04 7.452190539159783689e-03 2.522913159629849703e-04 1.481348357102510727e-01 1.137234830524799789e-01 1.207272887231275113e-02 7.779717065765882900e-02 6.082838454732210076e-01 4.385564024791721409e-03 2.538436124072573213e-02 1.772913599000075762e-03
7.404730724584657241e-04 7.457451248801665392e-03 2.534229665967722956e-04 1.487179970103601478e-01 1.137784970176897587e-01 1.210060641912978976e-02 7.779030557878721663e-02 6.076263857379702316e-01 4.365645372909491076e-03 2.539714018169011642e-02 1.772075393559930864e-03
7.403315956145574547e-04 7.462721565366843036e-03 2.546193971112977123e-04 1.493020266503333193e-01 1.138333197996536650e-01 1.212853646886884705e-02 7.778324681087246673e-02 6.069682456098987045e-01 4.345790349891756610e-03 2.540992476534414957e-02 1.771236987038390725e-03
7.401910856777796106e-04 7.468001526703140457e-03 2.558807675735206904e-04 1.498869224032485792e-01 1.138879512497628782e-01 1.215651888398923408e-02 7.777599436907930985e-02 6.063094276017376716e-01 4.325998829245133667e-03 2.542271490342748116e-02 1.770398379538731890e-03
7.400515444042935972e-04 7.473291170567043090e-03 2.572072375754204019e-04 1.504726820382814578e-01 1.139423912208156198e-01 1.218455352676572380e-02 7.776854826934882781e-02 6.056499342288523824e-01 4.306270684382960089e-03 2.543551050780099021e-02 1.769559571185233418e-03
7.399129735427531539e-04 7.478590534664750211e-03 2.585989662375076138e-04 1.510593033216611480e-01 1.139966395660382825e-01 1.221264025945355096e-02 7.776090852912732887e-02 6.049897680080612572e-01 4.286605788814830051e-03 2.544831149031300324e-02 1.768720562093432447e-03
7.397753748402494675e-04 7.483899656554052898e-03 2.600561121939282930e-04 1.516467840105616416e-01 1.140506961391367508e-01 1.224077894396444037e-02 7.775307516687232634e-02 6.043289314645157173e-01 4.267004016229253641e-03 2.546111776271048344e-02 1.767881352394185240e-03
7.396387500464474043e-04 7.489218573835890874e-03 2.615788336187954612e-04 1.522351218681782525e-01 1.141045607959862151e-01 1.226896944245517256e-02 7.774504820190254739e-02 6.036674271147584037e-01 4.247465239921338620e-03 2.547392923710166401e-02 1.767041942221295354e-03
7.395031009037268590e-04 7.494547323979747384e-03 2.631672881986647718e-04 1.528243146491931048e-01 1.141582333924362619e-01 1.229721161680846948e-02 7.773682765489779711e-02 6.030052574829194434e-01 4.227989333453707928e-03 2.548674582544595280e-02 1.766202331709578995e-03
7.393684291546624493e-04 7.499885944345405231e-03 2.648216331329570771e-04 1.534143601023753301e-01 1.142117137852915743e-01 1.232550532870421885e-02 7.772841354762169419e-02 6.023424250982235550e-01 4.208576170446315379e-03 2.549956743970968609e-02 1.765362521008046089e-03
7.392347365368338733e-04 7.505234472278449372e-03 2.665420251469901593e-04 1.540052559770984930e-01 1.142650018323412842e-01 1.235385043989412415e-02 7.771980590299938652e-02 6.016789324870539524e-01 4.189225624437097062e-03 2.551239399198988733e-02 1.764522510261418110e-03
7.391020247914308972e-04 7.510592945024134430e-03 2.683286204802236481e-04 1.545970000188311433e-01 1.143180973928062810e-01 1.238224681194808816e-02 7.771100474473832675e-02 6.010147821784068700e-01 4.169937568883168300e-03 2.552522539448481148e-02 1.763682299632473487e-03
7.389702956522935890e-04 7.515961399776438338e-03 2.701815748890165256e-04 1.551895899703014947e-01 1.143710003263544994e-01 1.241069430644279811e-02 7.770201009798133329e-02 6.003499767025696210e-01 4.150711877347153765e-03 2.553806155938999692e-02 1.762841889276597256e-03
7.388395508519707321e-04 7.521339873599375281e-03 2.721010436308897700e-04 1.557830235668591357e-01 1.144237104933990001e-01 1.243919278464536947e-02 7.769282198891334923e-02 5.996845185963145530e-01 4.131548423495368626e-03 2.555090239888530360e-02 1.762001279366192307e-03
7.387097921198633454e-04 7.526728403533049748e-03 2.740871814835444537e-04 1.563772985445947561e-01 1.144762277554759317e-01 1.246774210793394518e-02 7.768344044491458378e-02 5.990184103936826432e-01 4.112447080913770453e-03 2.556374782527200823e-02 1.761160470067906804e-03
7.385810211870808255e-04 7.532127026520958613e-03 2.761401427342371584e-04 1.569724126357207872e-01 1.145285519754496162e-01 1.249634213750295403e-02 7.767386549410289220e-02 5.983516546311025142e-01 4.093407723122685291e-03 2.557659775095938795e-02 1.760319461567136931e-03
7.384532397780685202e-04 7.537535779453592537e-03 2.782600811775109029e-04 1.575683635697357754e-01 1.145806830166447021e-01 1.252499273453890061e-02 7.766409716607959590e-02 5.976842538463897903e-01 4.074430223749338914e-03 2.558945208835795501e-02 1.759478254043141641e-03
7.383264496159313781e-04 7.542954699078510510e-03 2.804471501017439345e-04 1.581651490687672190e-01 1.146326207432119965e-01 1.255369375994746031e-02 7.765413549147226480e-02 5.970162105837404365e-01 4.055514456526120373e-03 2.560231074985760968e-02 1.758636847689938479e-03
7.382006524203096713e-04 7.548383822134205855e-03 2.827015023111085633e-04 1.587627668558399541e-01 1.146843650203022702e-01 1.258244507472397120e-02 7.764398050205653656e-02 5.963475273844093261e-01 4.036660295116881528e-03 2.561517364797646912e-02 1.757795242697469040e-03
7.380758499123550500e-04 7.553823185243949828e-03 2.850232901095029608e-04 1.593612146498497861e-01 1.147359157144940550e-01 1.261124653969173358e-02 7.763363223043369399e-02 5.956782067924724089e-01 4.017867613133802029e-03 2.562804069534229887e-02 1.756953439274338159e-03
7.379520438064192649e-04 7.559272824983451038e-03 2.874126653038901777e-04 1.599604901673487845e-01 1.147872726927862269e-01 1.264009801567687885e-02 7.762309071063468180e-02 5.950082513529840744e-01 3.999136284288710985e-03 2.564091180458941133e-02 1.756111437621613513e-03
7.378292358155169204e-04 7.564732777785750963e-03 2.898697791867649678e-04 1.605605911173776934e-01 1.148384358230156027e-01 1.266899936321202839e-02 7.761235597769697292e-02 5.943376636172372773e-01 3.980466182410785474e-03 2.565378688832866544e-02 1.755269237957456747e-03
7.377074276489589862e-04 7.570203080062391787e-03 2.923947825590360382e-04 1.611615152096383952e-01 1.148894049739909162e-01 1.269795044291546771e-02 7.760142806785716441e-02 5.936664461342570087e-01 3.961857181275475585e-03 2.566666585929517491e-02 1.754426840495085108e-03
7.375866210169791963e-04 7.575683768121916489e-03 2.949878257189808475e-04 1.617632601508364742e-01 1.149401800160012865e-01 1.272695111530291502e-02 7.759030701816541087e-02 5.929946014543842070e-01 3.943309154584762402e-03 2.567954863035673552e-02 1.753584245463750760e-03
7.374668176239284039e-04 7.581174878208690217e-03 2.976490584576768324e-04 1.623658236442369340e-01 1.149907608197502096e-01 1.275600124081383013e-02 7.757899286706236575e-02 5.923221321301841424e-01 3.924821976176440241e-03 2.569243511437242083e-02 1.752741453089412278e-03
7.373480191716388606e-04 7.586676446431275291e-03 3.003786300432649721e-04 1.629692033860206113e-01 1.150411472567092197e-01 1.278510067963660977e-02 7.756748565406328122e-02 5.916490407201282498e-01 3.906395520001456831e-03 2.570532522417653606e-02 1.751898463611833382e-03
7.372302273588702973e-04 7.592188508871808121e-03 3.031766892507394896e-04 1.635733970735339660e-01 1.150913391994592833e-01 1.281424929207002940e-02 7.755578541982281748e-02 5.909753297796843663e-01 3.888029659945876904e-03 2.571821887275865109e-02 1.751055277267129454e-03
7.371134438848732633e-04 7.597711101500499026e-03 3.060433843390604524e-04 1.641784023997483188e-01 1.151413365218707102e-01 1.284344693822339276e-02 7.754389220583551845e-02 5.903010018672328885e-01 3.869724269877604372e-03 2.573111597319479443e-02 1.750211894309517931e-03
7.369976704428310042e-04 7.603244260229350543e-03 3.089788630591407104e-04 1.647842170556651498e-01 1.151911390983635236e-01 1.287269347822559730e-02 7.753180605498417866e-02 5.896260595417279760e-01 3.851479223754027126e-03 2.574401643859240696e-02 1.749368314986609555e-03
7.368829087229170202e-04 7.608788020829694750e-03 3.119832726285104224e-04 1.653908387247430556e-01 1.152407468041259098e-01 1.290198877192904117e-02 7.751952701120219669e-02 5.889505053685812896e-01 3.833294395674873185e-03 2.575692018202516143e-02 1.748524539561163542e-03
7.367691604129229278e-04 7.614342419046776951e-03 3.150567597677821899e-04 1.659982650916664304e-01 1.152901595153887765e-01 1.293133267927592568e-02 7.750705511962288630e-02 5.882743419100995297e-01 3.815169659681109417e-03 2.576982711672454185e-02 1.747680568293120615e-03
7.366564272005186962e-04 7.619907490501965849e-03 3.181994706744037155e-04 1.666064938368800041e-01 1.153393771097551840e-01 1.296072506007348371e-02 7.749439042616101947e-02 5.875975717315129465e-01 3.797104889793847041e-03 2.578273715601104785e-02 1.746836401458848245e-03
7.365447107667563243e-04 7.625483270771702543e-03 3.214115510306442530e-04 1.672155226387653515e-01 1.153883994653256834e-01 1.299016577409605258e-02 7.748153297814119878e-02 5.869201973984271570e-01 3.779099960140373630e-03 2.579565021323328849e-02 1.745992039328942693e-03
7.364340127903834477e-04 7.631069795273380009e-03 3.246931459785527894e-04 1.678253491682275000e-01 1.154372264609473953e-01 1.301965468087518465e-02 7.746848282395532581e-02 5.862422214830419476e-01 3.761154744986559481e-03 2.580856620171450427e-02 1.745147482190185411e-03
7.363243349470971911e-04 7.636667099406507959e-03 3.280444001571460716e-04 1.684359710976447433e-01 1.154858579765998261e-01 1.304919164004825910e-02 7.745524001316028695e-02 5.855636465542263247e-01 3.743269118547576726e-03 2.582148503494664793e-02 1.744302730324778393e-03
7.362156789123390239e-04 7.642275218440990579e-03 3.314654576739350716e-04 1.690473860946866691e-01 1.155342938935111363e-01 1.307877651107082831e-02 7.744180459610661149e-02 5.848844751840376333e-01 3.725442955036482005e-03 2.583440662647782868e-02 1.743457784032331585e-03
7.361080463550704646e-04 7.647894187596935948e-03 3.349564621196350622e-04 1.696595918255304758e-01 1.155825340935090345e-01 1.310840915342344724e-02 7.742817662458295613e-02 5.842047099445701885e-01 3.707676128768817685e-03 2.584733088993228928e-02 1.742612643607353547e-03
7.360014389420465718e-04 7.653524041933943388e-03 3.385175565318533013e-04 1.702725859486792781e-01 1.156305784591276781e-01 1.313808942631017676e-02 7.741435615140812576e-02 5.835243534146454802e-01 3.689968514199654277e-03 2.586025773887638476e-02 1.741767309358726538e-03
7.358958583353923189e-04 7.659164816476974995e-03 3.421488834364521574e-04 1.708863661227603969e-01 1.156784268739406429e-01 1.316781718899791634e-02 7.740034323059352683e-02 5.828434081710318626e-01 3.672319985787968893e-03 2.587318708702667988e-02 1.740921781594570623e-03
7.357913061991525842e-04 7.664816546192945550e-03 3.458505848492568371e-04 1.715009300075752696e-01 1.157260792231811636e-01 1.319759230081303872e-02 7.738613791689528953e-02 5.821618767875111899e-01 3.654730417832517415e-03 2.588611884830833987e-02 1.740076060631275514e-03
7.356877841881874274e-04 7.670479265857567744e-03 3.496228022088490530e-04 1.721162752510431160e-01 1.157735353919377985e-01 1.322741462068698255e-02 7.737174026659958403e-02 5.814797618491944764e-01 3.637199685025923820e-03 2.589905293644335221e-02 1.739230146794717687e-03
7.355852939561568051e-04 7.676153010237093954e-03 3.534656764502802488e-04 1.727323995042364668e-01 1.158207952666450019e-01 1.325728400772629989e-02 7.735715033702887655e-02 5.807970659359946719e-01 3.619727661946283911e-03 2.591198926537899294e-02 1.738384040407901353e-03
7.354838371557828386e-04 7.681837813961380455e-03 3.573793479649144318e-04 1.733493004131371473e-01 1.158678587349710326e-01 1.328720032084003758e-02 7.734236818631588795e-02 5.801137916314937915e-01 3.602314223197429412e-03 2.592492774912763878e-02 1.737537741811279440e-03
7.353834154336498724e-04 7.687533711610189911e-03 3.613639566154337474e-04 1.739669756228743314e-01 1.159147256852080393e-01 1.331716341899172318e-02 7.732739387399951980e-02 5.794299415186440205e-01 3.584959243473495680e-03 2.593786830176629185e-02 1.736691251339914435e-03
7.352840304328885253e-04 7.693240737596513876e-03 3.654196417003649023e-04 1.745854227706687967e-01 1.159613960063979182e-01 1.334717316086131249e-02 7.731222746070405549e-02 5.787455181872935839e-01 3.567662597636451702e-03 2.595081083734053148e-02 1.735844569342649040e-03
7.351856837932599321e-04 7.698958926317585674e-03 3.695465420045955583e-04 1.752046394955941722e-01 1.160078695886652272e-01 1.337722940526554771e-02 7.729686900816921946e-02 5.780605242234526653e-01 3.550424160506334727e-03 2.596375527007266024e-02 1.734997696166960942e-03
7.350883771544278666e-04 7.704688312018292615e-03 3.737447957577801636e-04 1.758246234315123391e-01 1.160541463233841081e-01 1.340733201082427474e-02 7.728131857899939172e-02 5.773749622170302187e-01 3.533243806943330012e-03 2.597670151423635276e-02 1.734150632176220501e-03
7.349921121486504595e-04 7.710428928904992929e-03 3.780145406610423879e-04 1.764453722118116130e-01 1.161002261025410043e-01 1.343748083621848499e-02 7.726557623713907474e-02 5.766888347567247219e-01 3.516121411888959228e-03 2.598964948420031534e-02 1.733303377728318950e-03
7.348968904057044281e-04 7.716180811005632009e-03 3.823559138401962988e-04 1.770668834617319942e-01 1.161461088188661811e-01 1.346767573984991410e-02 7.724964204766636422e-02 5.760021444386775880e-01 3.499056850472038235e-03 2.600259909427871455e-02 1.732455933195955772e-03
7.348027135511455820e-04 7.721943992336039071e-03 3.867690519026712576e-04 1.776891548085521300e-01 1.161917943661952002e-01 1.349791658025421143e-02 7.723351607678037578e-02 5.753148938547421043e-01 3.482049997775902780e-03 2.601555025897877779e-02 1.731608298950207837e-03
7.347095832103760996e-04 7.727718506749910003e-03 3.912540908963784282e-04 1.783121838743310095e-01 1.162372826395876163e-01 1.352820321577356995e-02 7.721719839149621123e-02 5.746270856008099948e-01 3.465100728936456806e-03 2.602850289285610005e-02 1.730760475376985196e-03
7.346175010015971053e-04 7.733504388065319882e-03 3.958111663314304359e-04 1.789359682805484741e-01 1.162825735347301076e-01 1.355853550481165952e-02 7.720068906021287924e-02 5.739387222716736403e-01 3.448208919180156384e-03 2.604145691055687398e-02 1.729912462857787154e-03
7.345264685398505749e-04 7.739301669921177206e-03 4.004404131373954503e-04 1.795605056408034750e-01 1.163276669480601960e-01 1.358891330550177599e-02 7.718398815245790245e-02 5.732498064691544659e-01 3.431374443916310017e-03 2.605441222668583579e-02 1.729064261789249992e-03
7.344364874368649460e-04 7.745110385935765479e-03 4.051419657160613475e-04 1.801857935702181890e-01 1.163725627770881982e-01 1.361933647609169830e-02 7.716709573882858664e-02 5.725603407915101917e-01 3.414597178530929308e-03 2.606736875603552980e-02 1.728215872566042166e-03
7.343475593022545699e-04 7.750930569573225015e-03 4.099159579151399587e-04 1.808118296802189162e-01 1.164172609206109293e-01 1.364980487472261181e-02 7.715001189083461886e-02 5.718703278393344469e-01 3.397876998437386782e-03 2.608032641345795627e-02 1.727367295595901540e-03
7.342596857401036082e-04 7.756762254251597585e-03 4.147625230280226906e-04 1.814386115801428778e-01 1.164617612779915018e-01 1.368031835949329485e-02 7.713273668127186566e-02 5.711797702136749422e-01 3.381213779178226381e-03 2.609328511388945074e-02 1.726518531284601836e-03
7.341728683505277173e-04 7.762605473206754710e-03 4.196817937617088501e-04 1.820661368720555839e-01 1.165060637493698231e-01 1.371087678829062753e-02 7.711527018412654699e-02 5.704886705220834076e-01 3.364607396470685203e-03 2.610624477222963508e-02 1.725669580052149096e-03
7.340871087292493661e-04 7.768460259658462735e-03 4.246739022972401026e-04 1.826944031601525076e-01 1.165501682359980362e-01 1.374148001912678385e-02 7.709761247441852816e-02 5.697970313677553911e-01 3.348057726001351687e-03 2.611920530357247916e-02 1.724820442315831487e-03
7.340024084719226106e-04 7.774326646659965832e-03 4.297389802415859652e-04 1.833234080432458168e-01 1.165940746402918810e-01 1.377212790983339992e-02 7.707976362808252602e-02 5.691048553580664304e-01 3.331564643531678867e-03 2.613216662304600549e-02 1.723971118507686010e-03
7.339187691669713963e-04 7.780204667221463609e-03 4.348771586544084760e-04 1.839531491198654334e-01 1.166377828653596543e-01 1.380282031830912942e-02 7.706172372238875856e-02 5.684121450991481694e-01 3.315128024920168011e-03 2.614512864590785510e-02 1.723121609057926907e-03
