4.082954130631956608e-04 1.906376550545165003e-03 7.359508931256496245e-02 1.226541560328885394e-01 3.623318664842455905e-01 6.429536423886615670e-02 3.607656806461033705e-01 1.320063976684326956e-03 5.387381051578865425e-03 7.076784891241167698e-03 2.589414022326869363e-04
4.204339051477844745e-04 1.988138401923399481e-03 7.596399976601142523e-02 1.222831096973071990e-01 3.479661434796917918e-01 6.747294198731958181e-02 3.693739313115337319e-01 1.444513667533168415e-03 5.636445248854161580e-03 7.181802894578578032e-03 2.685396401050513596e-04
4.328524212933897771e-04 2.076163680135728346e-03 7.837004426787672062e-02 1.218074618799353387e-01 3.335021171757261427e-01 7.074727087607507459e-02 3.780020339229063220e-01 1.602257777530478530e-03 5.896086210387606677e-03 7.285335158488320112e-03 2.783766296321879595e-04
4.455603003510955670e-04 2.170623428344036019e-03 8.081229780071083613e-02 1.212295143821211785e-01 3.189924280076087415e-01 7.408338956703747202e-02 3.866303059517818275e-01 1.793582125381734671e-03 6.166527919383013069e-03 7.387317220847249358e-03 2.884532964890852745e-04
4.585675203447771428e-04 2.271673965890386431e-03 8.328978480727602940e-02 1.205518405694892270e-01 3.044892189745637134e-01 7.744741116369152634e-02 3.952383754149011996e-01 2.018684002063119830e-03 6.447983178285948518e-03 7.487690046986078193e-03 2.987703565271339476e-04
4.718847219067313307e-04 2.379455510784334905e-03 8.580148070650635284e-02 1.197772717984840474e-01 2.900438948573977882e-01 8.080668571037108450e-02 4.038052759713356976e-01 2.277669601368723009e-03 6.740652423505365948e-03 7.586400387927406432e-03 3.093283104133418308e-04
4.855232303016391616e-04 2.494090805336403056e-03 8.834631354615940513e-02 1.189088827999760789e-01 2.757068895473380743e-01 8.412994940588938708e-02 4.123095476793272596e-01 2.570551897851030415e-03 7.044722520746811781e-03 7.683401128447810841e-03 3.201274386322769503e-04
4.994950758383700628e-04 2.615683751383221858e-03 9.092316578749015665e-02 1.179499761142157460e-01 2.615274428344946944e-01 8.738745987017690342e-02 4.207293426059061647e-01 2.897248995670672483e-03 7.360365544819564253e-03 7.778651623146414819e-03 3.311677968751277289e-04
5.138130124615549084e-04 2.744318061782712124e-03 9.353087621626374193e-02 1.169040656754355423e-01 2.475533879125979275e-01 9.055111694461176475e-02 4.290425344300367039e-01 3.257582968287761789e-03 7.687737547998342927e-03 7.872118018669714209e-03 3.424492118392893155e-04
5.284905343156956958e-04 2.880055935111548379e-03 9.616824197408480046e-02 1.157748596481893988e-01 2.338309507555056677e-01 9.359456864932198805e-02 4.372268311395627327e-01 3.651279204964265942e-03 8.026977321250157796e-03 7.963773560253070011e-03 3.539712774609266466e-04
5.435418900685351842e-04 3.022936760706513779e-03 9.883402070317431898e-02 1.145662426205884821e-01 2.204045624121651059e-01 9.649330206394980680e-02 4.452598898880376077e-01 4.077966276045021619e-03 8.378205152907668846e-03 8.053598880740408042e-03 3.657333516019607928e-04
5.589820947801095105e-04 3.172975861368008792e-03 1.015269327972539160e-01 1.132822572615262424e-01 2.073166851519443188e-01 9.922471903964130702e-02 4.531194330559137895e-01 4.537176324618702114e-03 8.741521589501293626e-03 8.141582270268029817e-03 3.777345532116311395e-04
5.748269391028571797e-04 3.330163281223915382e-03 1.042456637504368677e-01 1.119270855501522666e-01 1.946076532700766748e-01 1.017681967876062354e-01 4.607833645451290816e-01 5.028345987783255401e-03 9.117006203723344165e-03 8.227719924801833729e-03 3.899737599803771880e-04
5.910929955992031077e-04 3.494462626374538437e-03 1.069888665957534762e-01 1.105050296865177639e-01 1.823155292380981840e-01 1.041051335228550118e-01 4.682298853356903767e-01 5.550817846201443542e-03 9.504716374606455090e-03 8.312016171793158020e-03 4.024496065034870087e-04
6.077976219641709026e-04 3.665809966028173161e-03 1.097551644240137014e-01 1.090204927916512134e-01 1.704759757551442545e-01 1.062189794681836774e-01 4.754376073376143097e-01 6.103842396006748175e-03 9.904686085194585113e-03 8.394483671239670944e-03 4.151604829693000538e-04
6.249589609412806515e-04 3.844112801937834070e-03 1.125431529734845226e-01 1.074779595042823083e-01 1.591221441249872914e-01 1.080952536430247191e-01 4.823856645907944052e-01 6.686580532627694681e-03 1.031692474304957315e-02 8.475143590490846410e-03 4.281045343836939856e-04
6.425959367278987356e-04 4.029249113943256244e-03 1.153514032803258232e-01 1.058819765797173046e-01 1.482845792525877282e-01 1.097215469718258452e-01 4.890538208927001085e-01 7.298106531479608972e-03 1.074141602908878536e-02 8.554025751243534217e-03 4.412796603431241903e-04
6.607282476674566050e-04 4.221066489445392950e-03 1.181784643792144207e-01 1.042371335934233340e-01 1.379911414225538091e-01 1.110875123472009618e-01 4.954225729715988069e-01 7.937411506076234857e-03 1.117811678028533991e-02 8.631168747217820431e-03 4.546835153629609082e-04
6.793763550326477937e-04 4.419381344605733709e-03 1.210228660431984238e-01 1.025480438487797741e-01 1.282669448933159428e-01 1.121848423727126454e-01 5.014732483698259857e-01 8.603407319825423505e-03 1.162695591180953891e-02 8.706620031107134214e-03 4.683135097665232509e-04
6.985614677145181523e-04 4.623978244946998391e-03 1.238831215516435214e-01 1.008193255847996961e-01 1.191343132139608546e-01 1.130072355882108665e-01 5.071880972602506032e-01 9.294930923642558129e-03 1.208783338421698730e-02 8.780435969517030523e-03 4.821668111395337056e-04
7.183055226364764428e-04 4.834609332954901625e-03 1.267577304744663680e-01 9.905558357467873776e-02 1.106127510489532395e-01 1.135503520457082499e-01 5.125503774806325907e-01 1.001074908768715549e-02 1.256061922125533727e-02 8.852681864683582813e-03 4.962403463475162108e-04
7.386311607269551924e-04 5.050993870101236002e-03 1.296451814611117026e-01 9.726139120161808593e-02 1.027189321791207727e-01 1.138117591576353477e-01 5.175444321478893661e-01 1.074956349196922595e-02 1.304515258382385468e-02 8.923431941924624133e-03 5.105308041146351542e-04
7.595616982924158211e-04 5.272817900485638268e-03 1.325439550218249218e-01 9.544127309263984726e-02 9.546670323583367201e-02 1.137908687777720307e-01 5.221557592902847933e-01 1.151001613728009840e-02 1.354124090555822689e-02 8.992769301867898149e-03 5.250346381580854723e-04
7.811210936478907296e-04 5.499734043088034055e-03 1.354525262894228088e-01 9.359968838578684724e-02 8.886710262230411439e-02 1.134888665033366301e-01 5.263710730243904568e-01 1.229069503513325473e-02 1.404865909538159652e-02 9.060785836681338815e-03 5.397480708671052035e-04
8.033339088750622754e-04 5.731361419298128257e-03 1.383693677489555296e-01 9.174101469947358589e-02 8.292839397939257007e-02 1.129086341982354497e-01 5.301783558935316831e-01 1.309014013280615854e-02 1.456714881223645543e-02 9.127582109645924688e-03 5.546670975162386894e-04
8.262252665954697515e-04 5.967285722070406195e-03 1.412929519230521902e-01 8.986953286724777556e-02 7.765611346688361394e-02 1.120546667400372925e-01 5.335669020807560781e-01 1.390684942770667801e-02 1.509641781705909486e-02 9.193267197582576794e-03 5.697874909948555432e-04
8.498208016606485001e-04 6.207059432676423349e-03 1.442217540006006382e-01 8.798941249407749021e-02 7.305313005196137355e-02 1.109329839796213413e-01 5.365273513060913047e-01 1.473928522359665809e-02 1.563613940684103337e-02 9.257958495812821514e-03 5.851048070345546631e-04
8.741466076813324618e-04 6.450202190595204048e-03 1.471542543964076133e-01 8.610469838445324042e-02 6.911971792964716199e-02 1.095510388798324464e-01 5.390517133203073241e-01 1.558588048022912023e-02 1.618595193541747662e-02 9.321781485480223201e-03 6.006143899122274709e-04
8.992291783392085056e-04 6.696201321628925465e-03 1.500889412299494241e-01 8.421929788542859008e-02 6.585364014066638627e-02 1.079176227639008917e-01 5.411333830055059524e-01 1.644504520735236633e-02 1.674545842535672679e-02 9.384869463256341818e-03 6.163113786011068743e-04
9.250953434401241234e-04 6.944512528816462749e-03 1.530243127109666978e-01 8.233696918165654688e-02 6.325024240479358573e-02 1.060427685594491631e-01 5.427671461947862763e-01 1.731517285402469492e-02 1.731422627507280682e-02 9.447363233610367450e-03 6.321907133407128100e-04
9.517721996974778812e-04 7.194560750165205146e-03 1.559588794206573925e-01 8.046131057290693833e-02 6.130255615055964918e-02 1.039376528693772977e-01 5.439491764204339441e-01 1.819464664460591560e-02 1.789178706493800564e-02 9.509410764022622337e-03 6.482471425943309986e-04
9.792870362500781523e-04 7.445741186637179314e-03 1.588911664766562426e-01 7.859575075814970169e-02 6.000140969461498219e-02 1.016144976384329157e-01 5.446770228954566084e-01 1.908184581387215722e-02 1.847763646593332879e-02 9.571166803689204472e-03 6.644752303548238492e-04
1.007667254949824341e-03 7.697420503197565170e-03 1.618197155714308222e-01 7.674354014441196747e-02 5.933554650841002531e-02 9.908647211485747952e-02 5.449495901234587825e-01 1.997515169516722242e-02 1.907123425391187704e-02 9.632792466431946282e-03 6.808693637612901490e-04
1.036940285476969405e-03 7.948938205047082622e-03 1.647430868731298570e-01 7.490774319259717318e-02 5.929174950304823277e-02 9.636759573209738305e-02 5.447671096190170870e-01 2.087295361754546233e-02 1.967200443234153051e-02 9.694454778757934793e-03 6.974237609844386246e-04
1.067133495365365755e-03 8.199608190470173211e-03 1.676598607791399964e-01 7.309123180701868061e-02 5.985497026671238868e-02 9.347264245544151251e-02 5.441311042961813893e-01 2.177365457033147988e-02 2.027933546587519162e-02 9.756326194136336408e-03 7.141324793333709816e-04
1.098274095052004023e-03 8.448720481001719199e-03 1.705686395130388555e-01 7.129667976981143851e-02 6.100846220263294456e-02 9.041704705810363341e-02 5.430443461586245135e-01 2.267567659661587007e-02 2.089258062682139080e-02 9.818584074765795977e-03 7.309894235372667044e-04
1.130389038090933709e-03 8.695543128805022226e-03 1.734680485559639274e-01 6.952655821693948246e-02 6.273391653691949565e-02 8.721681370726233617e-02 5.415108079830318610e-01 2.357746588042507890e-02 2.151105845613879991e-02 9.881410142278277894e-03 7.479883541507359674e-04
1.163504916698013605e-03 8.939324300394384942e-03 1.763567379046311334e-01 6.778313214734410508e-02 6.501160019605675688e-02 8.388842715832603436e-02 5.395356097450878519e-01 2.447749749623061993e-02 2.213405334018025972e-02 9.944989898987392773e-03 7.651228960310537406e-04
1.197647852828141908e-03 9.179294534993097734e-03 1.792333831483786666e-01 6.606845795295711310e-02 6.782049459211607345e-02 8.044876677430616574e-02 5.371249605784937931e-01 2.537427979364470856e-02 2.276081620404314665e-02 1.000951202142849952e-02 7.823865468301429479e-04
1.232843385009861625e-03 9.414669174934296725e-03 1.820966863590119944e-01 6.438438195309750811e-02 7.113843439773398503e-02 7.691502350900671081e-02 5.342860970912293173e-01 2.626635839443339226e-02 2.339056532192003782e-02 1.007516772813859922e-02 7.997726854479447409e-04
1.269116351198218981e-03 9.644650964713284355e-03 1.849453767877575205e-01 6.273253991348363978e-02 7.494224544468612581e-02 7.330461991901625340e-02 5.310272188866409504e-01 2.715231978394849408e-02 2.402248724448848016e-02 1.014215012371537383e-02 8.172745803868624800e-04
1.306490767932382393e-03 9.868432814331756439e-03 1.877782113642894324e-01 6.111435752669018562e-02 7.920788093495047255e-02 6.963513320066123946e-02 5.273574221449746080e-01 2.803079448380920921e-02 2.465573784300729293e-02 1.021065352135085494e-02 8.348853979507471707e-04
1.344989706118272788e-03 1.008520072170428390e-02 1.905939749947049011e-01 5.953105182814634466e-02 8.391055521474009848e-02 6.592422118682872423e-02 5.232866321240944307e-01 2.890045979794866882e-02 2.528944346926405642e-02 1.028087274616775251e-02 8.525982102265638974e-04
1.384635163784819203e-03 1.029413684802378375e-02 1.933914806548068244e-01 5.798363351911461905e-02 8.902487442457025779e-02 6.218955118385339348e-02 5.188255354218577198e-01 2.976004212911249197e-02 2.592270223033427134e-02 1.035300242177103307e-02 8.704060027933143004e-04
1.425447936190444003e-03 1.049442273897536158e-02 1.961695692775985156e-01 5.647291016608672887e-02 9.452496340595060997e-02 5.844873148330985424e-02 5.139855128222534653e-01 3.060831886839002897e-02 2.655458537659779669e-02 1.042723624255418625e-02 8.883016820946128657e-04
1.467447483695931160e-03 1.068524268386258740e-02 1.989271094341479307e-01 5.499949024365792527e-02 1.003845883129731581e-01 5.471924534650621230e-02 5.087785735118515174e-01 3.144411986539452641e-02 2.718413880115463921e-02 1.050376623433851506e-02 9.062780824198534389e-04
1.510651797828830786e-03 1.086578720373121074e-02 2.016629968079186597e-01 5.356378798655690721e-02 1.065772744456718185e-01 5.101838723280373300e-02 5.032172914065810021e-01 3.226632849190192581e-02 2.781038464849711414e-02 1.058278200603868235e-02 9.243279724356719866e-04
1.555077266017916874e-03 1.103525665869376123e-02 2.043761534644212563e-01 5.216602901469777342e-02 1.130764188913095658e-01 4.736320102574140961e-02 4.973147442760534886e-01 3.307388231680560148e-02 2.843232302992648730e-02 1.066446999509853936e-02 9.424440612120664126e-04
1.600738535481849387e-03 1.119286496374016782e-02 2.070655269187216541e-01 5.080625669390865379e-02 1.198553976277801636e-01 4.377042000383932208e-02 4.910844562854663753e-01 3.386577341501081223e-02 2.904893384290876610e-02 1.074901270941114144e-02 9.606190036898530149e-04
1.647648376794857289e-03 1.133784340148360180e-02 2.097300890046219501e-01 4.948433919359329636e-02 1.268876668092074333e-01 4.025640830690592475e-02 4.845403445043938162e-01 3.464104833745957485e-02 2.965917869144497204e-02 1.083658796857608214e-02 9.788454055405407077e-04
1.695817547671617763e-03 1.146944451936519199e-02 2.123688345503107755e-01 4.819997720147663894e-02 1.341468580183049486e-01 3.683710366095729882e-02 4.776966698495752617e-01 3.539880777380903509e-02 3.026200290398774542e-02 1.092736814723139355e-02 9.971158273681586005e-04
3.648039416084127929e-04 1.500205213075195840e-03 7.326764801934373961e-02 1.336268235346568245e-01 3.662041976323211490e-01 5.883090194622567215e-02 3.519095661876830428e-01 1.011564965427984471e-03 5.817427234383467510e-03 7.209363744183351110e-03 2.574975811466433725e-04
3.756348576416821349e-04 1.577984433794414826e-03 7.563230422146044463e-02 1.332520467204508230e-01 3.518418516128964391e-01 6.171458226713913420e-02 3.607243700982727397e-01 1.213978787561543213e-03 6.082630246368943804e-03 7.317454852968193618e-03 2.671619013961064370e-04
3.867357416714744828e-04 1.661830495241236032e-03 7.803397363749166316e-02 1.327645466617316528e-01 3.373690126088566554e-01 6.472158106910819164e-02 3.695531337555121865e-01 1.449798786887918295e-03 6.358335974029775788e-03 7.423978697519381144e-03 2.770725719814212716e-04
3.981171504112410490e-04 1.751887387647457902e-03 8.047172627596016481e-02 1.321665841563544885e-01 3.228382507042666938e-01 6.781696003313279764e-02 3.783764470427248283e-01 1.719200906113930354e-03 6.644736351410226484e-03 7.528859146875057848e-03 2.872308450754233484e-04
4.097903095228330283e-04 1.848283453011734722e-03 8.294458199000837029e-02 1.314607056567633769e-01 3.083016895300937921e-01 7.096674899064474296e-02 3.871742503234793520e-01 2.022275510637871858e-03 6.942011433488157364e-03 7.632025038489450089e-03 2.976377638385101394e-04
4.217671329897372534e-04 1.951130080036757091e-03 8.545151202244083422e-02 1.306497300284184537e-01 2.938107645336419660e-01 7.413811144088752747e-02 3.959259265628804481e-01 2.359025212119317608e-03 7.250328285379597018e-03 7.733410544965145517e-03 3.082941562564051399e-04
4.340602407909152031e-04 2.060520410089090003e-03 8.799144068482864234e-02 1.297367342477604713e-01 2.794159890927449541e-01 7.729949723712897791e-02 4.046103989508532117e-01 2.729363117546460688e-03 7.569839856474165109e-03 7.832955532517804978e-03 3.192006293029091063e-04
4.466829746812357358e-04 2.176528060678713412e-03 9.056324716535456287e-02 1.287250381321073667e-01 2.651667298368078352e-01 8.042078174959674253e-02 4.132062332394630388e-01 3.133111525277572796e-03 7.900683843194609979e-03 7.930605909371363227e-03 3.303575634544089800e-04
4.596494118806581774e-04 2.299205873197172033e-03 9.316576745944507576e-02 1.276181881981989230e-01 2.511109924489592915e-01 8.347339095330950920e-02 4.216917439549403013e-01 3.570001085980985950e-03 8.242981544230343002e-03 8.026313962256125673e-03 3.417651075813757790e-04
4.729743764740783406e-04 2.428584691854366023e-03 9.579779641697672155e-02 1.264199407499152772e-01 2.372952191223742235e-01 8.643041203035284337e-02 4.300451036035178309e-01 4.039670442768526250e-03 8.596836712368270336e-03 8.120038679185721114e-03 3.534231742432100915e-04
4.866734483216812865e-04 2.564672180933564617e-03 9.845808989864412997e-02 1.251342442985718673e-01 2.237640987372544465e-01 8.926668921883643137e-02 4.382444539571949682e-01 4.541666360931470234e-03 8.962334407227661934e-03 8.211746056679533265e-03 3.653314354099237624e-04
5.007629692812243759e-04 2.707451687637277456e-03 1.011453670341044830e-01 1.237652214207961565e-01 2.105603907101363803e-01 9.195890478056885364e-02 4.462680184822799823e-01 5.075444353577600494e-03 9.339539853399391953e-03 8.301409389579393963e-03 3.774893186350350275e-04
5.152600465438322884e-04 2.856881157925566204e-03 1.038583125734459378e-01 1.223171501605704037e-01 1.977247633461961251e-01 9.448564509713713866e-02 4.540942149588838017e-01 5.640369805308503154e-03 9.728497308659687232e-03 8.389009541665345612e-03 3.898960037013341428e-04
5.301825528871994837e-04 3.012892112836399600e-03 1.065955793231388726e-01 1.207944450821819282e-01 1.852956474014304245e-01 9.682745203693085556e-02 4.617017673367027064e-01 6.235719591745594176e-03 1.012922894706952924e-02 8.474535195266339610e-03 4.025504197614350292e-04
5.455491236553147109e-04 3.175388692860054395e-03 1.093557906574053051e-01 1.192016380802731340e-01 1.733091054316436563e-01 9.896685986251818612e-02 4.690698158802332207e-01 6.860684188403596249e-03 1.054173376192540056e-02 8.557983078111692371e-03 4.154512429919301835e-04
5.613791502750993100e-04 3.344246777932086741e-03 1.121375430948536311e-01 1.175433590523652649e-01 1.617987173753329955e-01 1.008884180668603303e-01 4.761780246702156383e-01 7.514370258050135330e-03 1.096598649363076175e-02 8.639358165722241245e-03 4.285968947793982538e-04
5.776927701303161654e-04 3.519313190649511411e-03 1.149394089304595079e-01 1.158243165367338068e-01 1.507954826866632347e-01 1.025787006383644950e-01 4.830066855598446618e-01 8.195803701402715191e-03 1.140193658760624805e-02 8.718673857681614667e-03 4.419855404540389346e-04
5.945108526143455790e-04 3.700404990236529947e-03 1.177599389119722839e-01 1.140492784165146323e-01 1.403277392017147907e-01 1.040263023552157606e-01 4.895368177176099844e-01 8.903933151841068525e-03 1.184950718749629844e-02 8.795952126214248365e-03 4.556150885849504450e-04
6.118549811991721510e-04 3.887308864713727614e-03 1.205976649499747588e-01 1.122230527870494987e-01 1.304210987934482091e-01 1.052218228001837314e-01 4.957502619374056230e-01 9.637633890697766895e-03 1.230859416886372765e-02 8.871223635564084997e-03 4.694831908492904499e-04
6.297474313584250534e-04 4.079780628622988597e-03 1.234511028500223928e-01 1.103504690801534877e-01 1.210983997434412623e-01 1.061578388662904188e-01 5.016297689522937198e-01 1.039571215589907283e-02 1.277906521867187145e-02 8.944527830767524945e-03 4.835872424829527200e-04
6.482111442018016409e-04 4.277544833461335849e-03 1.263187550555130989e-01 1.084363595340147313e-01 1.123796756347796577e-01 1.068288665895038014e-01 5.071590810519593928e-01 1.117690981300422347e-02 1.326075896574824969e-02 9.015912994506344522e-03 4.979243833217445294e-04
6.672696956827523559e-04 4.480294497820024036e-03 1.291991133892239629e-01 1.064855410932594171e-01 1.042821404542776526e-01 1.072313132000172614e-01 5.123230063775223719e-01 1.197990935443632964e-02 1.375348416743501015e-02 9.085436270849752902e-03 5.124914994347540883e-04
6.869472612599186821e-04 4.687690963940342043e-03 1.320906617818716766e-01 1.045027978176365502e-01 9.682018947893279714e-02 1.073634203233096301e-01 5.171074853457945375e-01 1.280333918954677797e-02 1.425701895751179012e-02 9.153163654800108850e-03 5.272852253525635996e-04
7.072685759032142690e-04 4.899363887135831271e-03 1.349918789751768100e-01 1.024928638728597047e-01 9.000541541742802798e-02 1.072251992910398521e-01 5.214996487408851689e-01 1.364577918554442555e-02 1.477111016039603722e-02 9.219169946715483066e-03 5.423019468875680529e-04
7.282588893551321472e-04 5.114911364186331029e-03 1.379012411876338329e-01 1.004604071706259316e-01 8.384663918056171894e-02 1.068183595364032845e-01 5.254878671024428849e-01 1.450576641699938447e-02 1.529547267646596750e-02 9.283538670780092095e-03 5.575378045406056710e-04
7.499439165710324907e-04 5.333900206450236173e-03 1.408172247308321634e-01 9.841001371924514018e-02 7.834995456560153726e-02 1.061462310500120576e-01 5.290617911339797752e-01 1.538180107973182581e-02 1.582978894321174917e-02 9.346361956897773771e-03 5.729886974875164976e-04
7.723497832822421010e-04 5.555866362996424168e-03 1.437383085639504787e-01 9.634617273964822537e-02 7.351878606041317710e-02 1.052136818628460341e-01 5.322123829530536199e-01 1.627235252348633102e-02 1.637370847668182319e-02 9.407740385486159859e-03 5.886502881308650027e-04
7.955029666478110727e-04 5.780315498647570563e-03 1.466629767749452751e-01 9.427326259531453034e-02 6.935395890378057149e-02 1.040270314993732709e-01 5.349319381048183164e-01 1.717586535684932636e-02 1.692684749755338919e-02 9.467782794846524644e-03 6.045180072040344217e-04
8.194302309734242040e-04 6.006723731265333280e-03 1.495897209761856972e-01 9.219553757849184572e-02 6.585378047839859916e-02 1.025939613109760340e-01 5.372140983602905484e-01 1.809076557725096054e-02 1.748878864576551562e-02 9.526606050957724114e-03 6.205870594075119226e-04
8.441585585084660556e-04 6.234538532112617396e-03 1.525170426035556970e-01 9.011711558860729943e-02 6.301413206386977106e-02 1.009234225561538717e-01 5.390538554212569444e-01 1.901546667914286518e-02 1.805908078756204849e-02 9.584334779678193444e-03 6.368524295549949071e-04
8.697150753451041421e-04 6.463179792514984513e-03 1.554434551072096937e-01 8.804196673249078953e-02 6.082856993866132822e-02 9.902554304016419895e-02 5.404475457509121394e-01 1.994837569363711038e-02 1.863723891831779722e-02 9.641101061574825978e-03 6.533088892038053279e-04
8.961269724735471294e-04 6.692041059454007824e-03 1.583674860238413196e-01 8.597390287042835921e-02 5.928843479109512787e-02 9.691153306631357378e-02 5.413928368443901018e-01 2.088789911420273898e-02 1.922274416433600308e-02 9.697044089741705536e-03 6.699510037403006140e-04
9.234214220678802192e-04 6.920490942011606368e-03 1.612876789194578886e-01 8.391656812567498125e-02 5.838296838214215856e-02 9.459359138281178692e-02 5.418887053441323598e-01 2.183244866426392247e-02 1.981504388638094527e-02 9.752309791162781794e-03 6.867731398861525805e-04
9.516254891050539809e-04 7.147874689954453187e-03 1.642025951931979089e-01 8.187343037014187253e-02 5.809943639504522306e-02 9.208481173536191278e-02 5.419354074890958550e-01 2.278044686467628130e-02 2.041355188740572729e-02 9.807050412368492967e-03 7.037694735899412742e-04
9.807660384458585789e-04 7.373515944955449583e-03 1.671108157326366972e-01 7.984777369305624817e-02 5.842325640912227058e-02 8.939909055806205540e-02 5.415344424671830748e-01 2.373033236137861088e-02 2.101764872652711613e-02 9.861424070323253008e-03 7.209339982637678629e-04
1.010869637529446946e-03 7.596718664244612139e-03 1.700109424118586565e-01 7.784269185500194976e-02 5.933812994682819558e-02 8.655103625478142992e-02 5.406885093093674044e-01 2.468056497648906181e-02 2.162668214094111765e-02 9.915594269654496445e-03 7.382605333218622817e-04
1.041962454866739770e-03 7.816769215627317538e-03 1.729015994243924548e-01 7.586108272491545734e-02 6.082617756410933080e-02 8.355588044147146953e-02 5.394014580277296522e-01 2.562963044932778725e-02 2.223996757706617200e-02 9.969729387506585938e-03 7.557427329747158640e-04
1.074070154539272107e-03 8.032938642065019091e-03 1.757814344435882914e-01 7.390564369327910776e-02 6.286807598326139834e-02 8.042939143835418914e-02 5.376782357528369083e-01 2.657604483752126767e-02 2.285678883179803264e-02 1.002400212753279743e-02 7.733740952299669909e-04
1.107217786942786076e-03 8.244485093103905843e-03 1.786491196037730544e-01 7.197886805103009822e-02 6.544319630390264819e-02 7.718779022087171593e-02 5.355248286679804570e-01 2.751835855233989575e-02 2.347639880437119367e-02 1.007858894463434414e-02 7.911479710479831992e-04
1.141429676041209786e-03 8.450656419612923367e-03 1.815033522966687796e-01 7.008304232020214075e-02 6.852974237215951614e-02 7.384766896196179320e-02 5.329482005718226834e-01 2.845516000674195439e-02 2.409802035889334337e-02 1.013366944227439038e-02 8.090575735973475329e-04
1.176729303424643757e-03 8.650692927412672456e-03 1.843428557781160437e-01 6.822024451905241149e-02 7.210488843752241306e-02 7.042591222491356717e-02 5.299562289212891297e-01 2.938507885905823971e-02 2.472084729722297952e-02 1.018942574436428744e-02 8.270959875547489364e-04
1.213139189492713852e-03 8.843830284476781114e-03 1.871663795811711606e-01 6.639234334170940333e-02 7.614491528216271732e-02 6.693962080009489835e-02 5.265576392170938647e-01 3.030678884012720162e-02 2.534404544147959501e-02 1.024604184380162840e-02 8.452561783899559776e-04
1.250680772116670838e-03 9.029302575471121611e-03 1.899726997326016131e-01 6.460099823003914721e-02 8.062534406725548053e-02 6.340603811726473749e-02 5.227619385922676054e-01 3.121901015639205051e-02 2.596675382504757407e-02 1.030370292996948475e-02 8.635310015764930151e-04
1.289374283153176069e-03 9.206345496538453910e-03 1.927606187709741681e-01 6.284766031295180300e-02 8.552106720390950656e-02 5.984247911404933645e-02 5.185793494519075342e-01 3.212051146670370089e-02 2.658808599059386824e-02 1.036259469755450129e-02 8.819132116670350390e-04
1.329238623219455157e-03 9.374199682251241339e-03 1.955289655650157832e-01 6.113357418697255852e-02 9.080647562191869471e-02 5.626626139575210267e-02 5.140207439859213467e-01 3.301011143532755349e-02 2.720713139322204766e-02 1.042290263921687860e-02 9.003954711709862479e-04
1.370291235157101301e-03 9.532114155842673353e-03 1.982765949329225175e-01 5.945978050992643815e-02 9.645558187715595755e-02 5.269463848739370376e-02 5.090975803422266299e-01 3.388667986891118200e-02 2.782295690654608411e-02 1.048481132471359295e-02 9.189703591727250553e-04
1.412547976643344213e-03 9.679349892824741508e-03 2.010023870631825471e-01 5.782711937835562782e-02 1.024421386066512452e-01 4.914473495385512231e-02 5.038218412006316704e-01 3.474913844994456658e-02 2.843460842913444336e-02 1.054850366919265515e-02 9.376303796284784532e-04
1.456022992429278906e-03 9.815183487313862767e-03 2.037052467396978650e-01 5.623623445817550054e-02 1.087397519086985703e-01 4.563348314833924613e-02 4.982059754300347532e-01 3.559646108415703142e-02 2.904111258847354854e-02 1.061416019340105828e-02 9.563679692786953516e-04
1.500728586713578980e-03 9.938910909439787819e-03 2.063841023745766057e-01 5.468757783686103990e-02 1.153219892930466006e-01 4.217756134505194071e-02 4.922628434472878789e-01 3.642767388389599875e-02 2.964147853929576665e-02 1.068195827870165732e-02 9.751755051183200011e-04
1.546675096169263268e-03 1.004985134139270604e-02 2.090379048526693484e-01 5.318141556467117365e-02 1.221624819114526111e-01 3.879333301713055321e-02 4.860056668186897300e-01 3.724185481390978464e-02 3.023469985284922557e-02 1.075207141972589313e-02 9.940453113627839045e-04
1.593870764181910728e-03 1.014735107885749582e-02 2.116656261941657624e-01 5.171783385145464068e-02 1.292350208435917858e-01 3.549678703626273080e-02 4.794479825644001880e-01 3.803813303018054731e-02 3.081975649349396468e-02 1.082466847759739302e-02 1.012969665855171847e-03
3.225453975984323503e-04 1.156279678804464101e-03 7.251999102923661900e-02 1.440394061654886315e-01 3.702146315542394484e-01 5.404454291149062700e-02 3.427128415025958996e-01 1.144216119551065645e-03 6.249018766143718193e-03 7.340005239095563801e-03 2.565216357689898688e-04
3.321435235628086347e-04 1.229376620048879334e-03 7.487266454783028657e-02 1.436885850459452829e-01 3.558888231080815090e-01 5.661503263059343427e-02 3.517087829948870592e-01 1.419204524863264911e-03 6.527765183828459009e-03 7.451354819772946884e-03 2.662670005738434261e-04
3.420033581102196042e-04 1.308259280953226814e-03 7.726227651276797170e-02 1.432182465410753447e-01 3.414395575180254605e-01 5.933445916454290620e-02 3.607135912648364306e-01 1.727440890219712841e-03 6.816831911183575399e-03 7.561066724217673646e-03 2.762668340571701724e-04
3.521365904809604778e-04 1.393045960670935253e-03 7.968789395598969982e-02 1.426305599375525812e-01 3.269192359870045639e-01 6.216801803670621296e-02 3.697081601508769855e-01 2.068993156307665469e-03 7.116379952280797554e-03 7.669053531383907690e-03 2.865227407355522607e-04
3.625556007095166624e-04 1.483838778744079982e-03 8.214853361949428501e-02 1.419279896198712976e-01 3.123798687639579019e-01 6.508176572957265205e-02 3.786727747577577907e-01 2.443846696071807351e-03 7.426557982090502968e-03 7.775232333373748722e-03 2.970361183404780217e-04
3.732734750297632214e-04 1.580722454887919549e-03 8.464316350402827094e-02 1.411132823090488486e-01 2.978728328860177355e-01 6.804278772950689280e-02 3.875872005373710572e-01 2.851902532110916870e-03 7.747501311524975474e-03 7.879525109661063287e-03 3.078081508894921084e-04
3.843040193419570982e-04 1.683763106667785512e-03 8.717070455013282981e-02 1.401894532443751784e-01 2.834486374658253260e-01 7.101935422138920539e-02 3.964307776951941920e-01 3.292975959173280801e-03 8.079330840967379954e-03 7.981859094896154305e-03 3.188398020398269827e-04
3.956617705560778802e-04 1.793007071561379543e-03 8.973003244649672971e-02 1.391597713987094143e-01 2.691566979011661975e-01 7.398106271215329488e-02 4.051825201552174405e-01 3.766795591064620290e-03 8.422152005746932901e-03 8.082167138550736332e-03 3.301318087532382085e-04
4.073620056237596846e-04 1.908479760094133719e-03 9.231997955921303345e-02 1.380277438216200303e-01 2.550451202943628815e-01 7.689896700084541958e-02 4.138212182630994773e-01 4.273002847976109173e-03 8.776053717237778523e-03 8.180388054584368518e-03 3.416846752979598887e-04
4.194207480759034072e-04 2.030184546910518591e-03 9.493933697553684492e-02 1.367970992088052840e-01 2.411604972721773932e-01 7.974569205264311900e-02 4.223255443685861588e-01 4.811151896802505143e-03 9.141107303459334796e-03 8.276466959352482555e-03 3.534986676175684833e-04
4.318547718790656715e-04 2.158101706806909818e-03 9.758685665485172800e-02 1.354717707979945507e-01 2.275477162901193839e-01 8.249553447533874984e-02 4.306741603924837403e-01 5.380710053237756571e-03 9.517365453228643704e-03 8.370355595907409685e-03 3.655738080916356579e-04
4.446816024277214165e-04 2.292187402841709860e-03 1.002612536789805053e-01 1.340558786941725145e-01 2.142497813919172489e-01 8.512454843589858933e-02 4.388458264614129023e-01 5.981058650662181286e-03 9.904861168117907663e-03 8.462012642869285242e-03 3.779098707164294619e-04
4.579195144933502037e-04 2.432372733769354225e-03 1.029612085932967297e-01 1.325537117270296217e-01 2.013076492755122016e-01 8.761061699140551551e-02 4.468195096783432185e-01 6.611494376761917549e-03 1.030360672660128596e-02 8.551404006036107674e-03 3.905063767302709935e-04
4.715875269544178550e-04 2.578562848077815394e-03 1.056853698300325578e-01 1.309697089448372820e-01 1.887600803927536597e-01 8.993350894154125696e-02 4.545744920943589618e-01 7.271231074849831590e-03 1.071359266494534626e-02 8.638503090912087387e-03 4.033625907083259951e-04
4.857053941357217935e-04 2.730636131952563286e-03 1.084323562040003103e-01 1.293084408471180669e-01 1.766435056820054306e-01 9.207492143528379913e-02 4.620904769518761057e-01 7.959402002642229287e-03 1.113478677947394788e-02 8.723291054370958461e-03 4.164775171512614341e-04
5.002935935946990721e-04 2.888443478473885599e-03 1.112007594711348774e-01 1.275745904582558654e-01 1.649919094025678046e-01 9.401850868519202875e-02 4.693476922872323875e-01 8.675062537261661252e-03 1.156713315500950724e-02 8.805757033686193586e-03 4.298498975896160746e-04
5.153733101948276829e-04 3.051807645326874534e-03 1.139891469393493062e-01 1.257729343415787682e-01 1.538367284091137488e-01 9.574989725292452902e-02 4.763269910066525448e-01 9.417193311074309459e-03 1.201055122430262634e-02 8.885898351223678326e-03 4.434782082247521904e-04
5.309664163210623799e-04 3.220522708212828194e-03 1.167960641211491790e-01 1.239083236505593988e-01 1.432067680723118352e-01 9.725668847131652139e-02 4.830099465864532426e-01 1.018470375908859908e-02 1.246493486333901182e-02 8.963720693135423731e-03 4.573606581257797562e-04
5.470954480954041445e-04 3.394353617040936268e-03 1.196200374168634867e-01 1.219856653110573952e-01 1.331281349227498578e-01 9.852844865956984777e-02 4.893789435938911692e-01 1.097643605475375969e-02 1.293015152749958305e-02 9.039238260465504854e-03 4.714951879997363276e-04
5.637835774684565090e-04 3.573035861815804931e-03 1.224595768173610821e-01 1.200099034240180579e-01 1.236241859682939009e-01 9.955668786786081581e-02 4.954172622816135352e-01 1.179116940743707258e-02 1.340604143342597268e-02 9.112473891156352979e-03 4.858794695504458218e-04
5.810545800678649543e-04 3.756275254953980996e-03 1.253131786145208482e-01 1.179860009739983201e-01 1.147154945109351981e-01 1.003348279546214250e-01 5.011091565710202866e-01 1.262762469133020191e-02 1.389241679158572523e-02 9.183459151542125790e-03 5.005109054389601537e-04
5.989327987037532455e-04 3.943747836510933490e-03 1.281793281077686641e-01 1.159189219237249935e-01 1.064198321716311596e-01 1.008581608559631498e-01 5.064399248130000419e-01 1.348446937251175128e-02 1.438906109432648399e-02 9.252234395985239196e-03 5.153866298562522798e-04
6.174431024431645916e-04 4.135099908521565858e-03 1.310565022950147540e-01 1.138136137699652384e-01 9.875216671864993356e-02 1.011237979474771259e-01 5.113959727925759813e-01 1.436032269791399398e-02 1.489572846423359125e-02 9.318848793475763628e-03 5.305035097162039094e-04
6.366108411797388386e-04 4.329948204355916867e-03 1.339431725356758085e-01 1.116749906301215817e-01 9.172467518902718830e-02 1.011306114291932318e-01 5.159648685288978909e-01 1.525376110756542468e-02 1.541214306747489687e-02 9.383360320072378635e-03 5.458581464744616599e-04
6.564617956456968986e-04 4.527880198597540075e-03 1.368378071741404300e-01 1.095079169232910793e-01 8.534677169534346519e-02 1.008791686792397807e-01 5.201353885130427512e-01 1.616332382921887439e-02 1.593799859664991186e-02 9.445835716241808566e-03 5.614468785741641085e-04
6.770221228270598265e-04 4.728454562575773283e-03 1.397388741117158717e-01 1.073171917036020023e-01 7.962514922018759655e-02 1.003716605260408096e-01 5.238975551199122060e-01 1.708751861284140555e-02 1.647295782751874438e-02 9.506350408291182330e-03 5.772657845200219540e-04
6.983182967640442921e-04 4.931201770213088260e-03 1.426448433149970774e-01 1.051075336972449731e-01 7.456383461954430025e-02 9.961182437907409315e-02 5.272426650275353621e-01 1.802482756104648379e-02 1.701665225384009494e-02 9.564988393183742471e-03 5.933106865741153736e-04
7.203770447384572062e-04 5.135624858389527085e-03 1.455541892493330824e-01 1.028835670889914483e-01 7.016425598689027265e-02 9.860486313764198207e-02 5.301633085777318621e-01 1.897371301074072050e-02 1.756868180423329026e-02 9.621842086273504208e-03 6.095771550678487881e-04
7.432252788709113080e-04 5.341200345446240998e-03 1.484653932256737585e-01 1.006498080972370174e-01 6.642532146741350618e-02 9.735736076440451581e-02 5.326533801104588184e-01 1.993262342081416477e-02 1.812861464483377094e-02 9.677012131570145864e-03 6.260605133183856337e-04
7.668900231711286422e-04 5.547379310956554628e-03 1.513769456497851551e-01 9.841065237112098241e-02 6.334350856227000115e-02 9.587719536880889848e-02 5.347080794044373198e-01 2.089999922076457226e-02 1.869598707118442713e-02 9.730607174391888575e-03 6.427558431347736492e-04
7.913983361103379272e-04 5.753588639200517621e-03 1.542873481630803456e-01 9.617036323713198942e-02 6.091296292213539687e-02 9.417345059302108246e-02 5.363239044538465894e-01 2.187427857566228567e-02 1.927030349251728641e-02 9.782743596390116106e-03 6.596579908964310054e-04
8.167772288046836176e-04 5.959232428206702806e-03 1.571951156644020020e-01 9.393306081683776287e-02 5.912560559996328513e-02 9.225632603362236839e-02 5.374986359055938800e-01 2.285390302392938805e-02 1.985103651131114172e-02 9.833545213129506191e-03 6.767615741815842306e-04
8.430535789266189583e-04 6.163693565505343544e-03 1.600987782030943440e-01 9.170271203213867239e-02 5.797124771358345974e-02 9.013704736585369248e-02 5.382313135710484753e-01 2.383732294574006025e-02 2.043762710060121127e-02 9.883142934607293609e-03 6.940609889193216815e-04
8.702540404824008445e-04 6.366335471028525088e-03 1.629968827338160731e-01 8.948312150918207031e-02 5.743771145981760307e-02 8.782777676438510706e-02 5.385222055118130680e-01 2.482300282193457622e-02 2.102948488124831150e-02 9.931674389268459191e-03 7.115504170385794809e-04
8.984049496223805130e-04 6.566504006859950893e-03 1.658879947242511976e-01 8.727792338705311903e-02 5.751095642309340950e-02 8.534152413902269807e-02 5.383727702767618917e-01 2.580942624554224962e-02 2.162598850093151726e-02 9.979283512239388310e-03 7.292238345761913390e-04
9.275322266735983034e-04 6.763529552753359472e-03 1.687706996075345744e-01 8.509057403325952229e-02 5.817521013140113800e-02 8.269205962393343101e-02 5.377856129382780903e-01 2.679510065088142393e-02 2.222648611628375709e-02 1.002612009877807374e-02 7.470750202132030041e-04
9.576612746141257692e-04 6.956729245539599107e-03 1.716436040719643286e-01 8.292434566338459379e-02 5.941310183258249888e-02 7.989382767920050199e-02 5.367644356369859482e-01 2.777856172831053710e-02 2.283029597924136206e-02 1.007233932401417446e-02 7.650975641938219341e-04
9.888168742296936289e-04 7.145409379725142091e-03 1.745053371809988374e-01 8.078232085885488079e-02 6.120579849159565183e-02 7.696186308336804005e-02 5.353139833989524199e-01 2.875837749623277873e-02 2.343670712812367940e-02 1.011810123033160536e-02 7.832848775867224528e-04
1.021023076224770228e-03 7.328867965725112052e-03 1.773545513180274091e-01 7.866738797342309741e-02 6.353314204496407491e-02 7.391170901699588291e-02 5.334399860292968754e-01 2.973315200579830508e-02 2.404498018380755997e-02 1.016357018387731466e-02 8.016302018393497118e-04
1.054303090584440914e-03 7.506397441331154503e-03 1.801899229501993105e-01 7.658223741563174869e-02 6.637378699124023285e-02 7.075933736212434988e-02 5.311490969199564871e-01 3.070152865777352191e-02 2.465434825066746549e-02 1.020891430191002425e-02 8.201266185759302930e-04
1.088679173504399165e-03 7.677287531124746267e-03 1.830101532075877890e-01 7.452935879217240100e-02 6.970533744550717892e-02 6.752107127113465834e-02 5.284488296292537690e-01 3.166219311558202132e-02 2.526401792175873851e-02 1.025430485280217838e-02 8.387670595860438096e-04
1.124172512245563346e-03 7.840828247668270648e-03 1.858139682740538035e-01 7.251103889504245670e-02 7.350448283935129279e-02 6.421350999397461290e-02 5.253474930998988102e-01 3.261387580279144494e-02 2.587317038723314228e-02 1.029991563074885916e-02 8.575443169468901887e-04
1.160803108277381167e-03 7.996313027411067892e-03 1.886001195876135794e-01 7.052936051254733718e-02 7.774713150730341860e-02 6.085345589279259754e-02 5.218541263806180108e-01 3.355535397825711030e-02 2.648096264459138399e-02 1.034592230736307295e-02 8.764510532211916560e-04
