2.642725015561224900e-03 4.738106528506644960e-02 4.481682771824369721e-02 8.184923966871893164e-02 1.192532275984678758e-01 2.692725164637259361e-02 6.806910621357852020e-02 3.428411021181138607e-01 2.293256175575935640e-01 3.572072471661093263e-02 1.173112461669320421e-03
2.619136832029325419e-03 4.893093149584419599e-02 4.602882791647572303e-02 8.043274281979773122e-02 1.170584756421088335e-01 3.024230481354682823e-02 6.709016769621717335e-02 3.401841997216117908e-01 2.297409095327523909e-01 3.646353082660379330e-02 1.208772702954121663e-03
2.592624661322602119e-03 5.050444876770953523e-02 4.725411178198955786e-02 7.895430187953708656e-02 1.149766038358899234e-01 3.377520195326392388e-02 6.617993399636787344e-02 3.372734759260834214e-01 2.300376617938783563e-01 3.720643339389356069e-02 1.245202010062674376e-03
2.563211729512753726e-03 5.210071520976129050e-02 4.849213621576996258e-02 7.741655891416762691e-02 1.130093873751613076e-01 3.752451431584892527e-02 6.533234136134161152e-02 3.341148767085285742e-01 2.302150294956938070e-01 3.794882236843967471e-02 1.282406305751132569e-03
2.530930814126100548e-03 5.371876343104838719e-02 4.974233587535459300e-02 7.582233481870302716e-02 1.111583891855278811e-01 4.148828392573560703e-02 6.454129108718099916e-02 3.307148586555503922e-01 2.302723466367930238e-01 3.869007444174922539e-02 1.320391128205223316e-03
2.495824514453460954e-03 5.535756013678474335e-02 5.100412345558164723e-02 7.417462094378773907e-02 1.094249629864888634e-01 4.566401232135766652e-02 6.380067810886219659e-02 3.270803726856545413e-01 2.302091296252180008e-01 3.942955361278296239e-02 1.359161609004819670e-03
2.457945500872338838e-03 5.701600585616006106e-02 5.227688999909205908e-02 7.247657027753885706e-02 1.078102567525808936e-01 5.004865098872172263e-02 6.310441955581581885e-02 3.232188463234929587e-01 2.300250805104626650e-01 4.016661178456910897e-02 1.398722450677494268e-03
2.417356741528081839e-03 5.869293480665221246e-02 5.356000523622460319e-02 7.073148821170954781e-02 1.063152165457409565e-01 5.463859356291637243e-02 6.244648315682371775e-02 3.191381645731659056e-01 2.297200898703575522e-01 4.090058939103199259e-02 1.439077903881212693e-03
2.374131704753205691e-03 6.038711489965174761e-02 5.485281795379143982e-02 6.894282292250218658e-02 1.049405906916261039e-01 5.942966986599630685e-02 6.182091537869217890e-02 3.148466494435057106e-01 2.292942393416284308e-01 4.163081605356717257e-02 1.480231744254843339e-03
2.328354535630589289e-03 6.209724789190141508e-02 5.615465639229758055e-02 6.711415539787028706e-02 1.036869342727082255e-01 6.441714184362870577e-02 6.122186918407543366e-02 3.103530381817935502e-01 2.287478037843987955e-01 4.235661126671293186e-02 1.522187248979266390e-03
2.280120205122321535e-03 6.382196968701406292e-02 5.746482867091349395e-02 6.524918914286972904e-02 1.025546139095716014e-01 6.959570145626130244e-02 6.064363129477228637e-02 3.056664602776466011e-01 2.280812530704359187e-01 4.307728511226815299e-02 1.564947173097939537e-03
2.229534630236197461e-03 6.555985079121044723e-02 5.878262323980293358e-02 6.335173959663481513e-02 1.015438128025672598e-01 7.495947057376559086e-02 6.008064884881304801e-02 3.007964133028531717e-01 2.272952534872536845e-01 4.379213900123345854e-02 1.608513725648619535e-03
2.176714763744853984e-03 6.730939692687291920e-02 6.010730935898565830e-02 6.142572329396635972e-02 1.006545360049022342e-01 8.050200291518511131e-02 5.952755534147803618e-02 2.957527376566577715e-01 2.263906687497683479e-01 4.450046644275927610e-02 1.652888545659130437e-03
2.121788652027447979e-03 6.906904980751005230e-02 6.143813760318364570e-02 5.947514680611546561e-02 9.988661589879654912e-02 8.621628806795451905e-02 5.897919574341849158e-02 2.905455902906870502e-01 2.253685606128835728e-01 4.520155383934507803e-02 1.698072678070924836e-03
2.064895459642767609e-03 7.083718807715223831e-02 6.277434039177438863e-02 5.750409549460634706e-02 9.923971784589578904e-02 9.209475761294670659e-02 5.843065069190542249e-02 2.851854174902714312e-01 2.242301890786734253e-01 4.589468130745794766e-02 1.744066549650313607e-03
2.006185459340198863e-03 7.261212841710562582e-02 6.411513254334674783e-02 5.551672211346042607e-02 9.871334598386845294e-02 9.812929337393624940e-02 5.787725965466282430e-02 2.796829267936263297e-01 2.229770121930835791e-01 4.657912352262222333e-02 1.790869944954719562e-03
1.945819986261961747e-03 7.439212682234958018e-02 6.545971185373383738e-02 5.351723529418327130e-02 9.830684914091973592e-02 1.043112378017845704e-01 5.731464296982342888e-02 2.740490581322234664e-01 2.216106854281426342e-01 4.725415058814456948e-02 1.838481982428608399e-03
1.883971355172419813e-03 7.617538004984591993e-02 6.680725969710572809e-02 5.150988794880410893e-02 9.801942684057710076e-02 1.106314064950432718e-01 5.673872267006611902e-02 2.682949542802040011e-01 2.201330606460721595e-01 4.791902892641233813e-02 1.886901090702441724e-03
1.820822739654908221e-03 7.796002724030640096e-02 6.815694164883523420e-02 4.949896562584708143e-02 9.785013536982428706e-02 1.170801028508370589e-01 5.614574200310484819e-02 2.624319307014822966e-01 2.185461846431256960e-01 4.857302219176554831e-02 1.936124985171085340e-03
1.756568012288286726e-03 7.974415171483917320e-02 6.950790812973797750e-02 4.748877485389486203e-02 9.779789388387145899e-02 1.236471348302688039e-01 5.553228356654037884e-02 2.564714448877013497e-01 2.168522972720014208e-01 4.921539220396088654e-02 1.986150644941900127e-03
1.691411544919032292e-03 8.152578294730290775e-02 7.085929507034241515e-02 4.548363150743617994e-02 9.786149052206283283e-02 1.303218338149949584e-01 5.489528597995949055e-02 2.504250652798491461e-01 2.150538291418900849e-01 4.984539990097395373e-02 2.036974290229232130e-03
1.625567968268515134e-03 8.330289871290068315e-02 7.221022459468093291e-02 4.348784922906438061e-02 9.803958851001380592e-02 1.370930755220493291e-01 5.423205902335983403e-02 2.443044398713837273e-01 2.131533988977250826e-01 5.046230631019222451e-02 2.088591360298062537e-03
1.559261890195034811e-03 8.507342741299085687e-02 7.355980572237481863e-02 4.150572794171801527e-02 9.833073222390795176e-02 1.439493029357801213e-01 5.354029717667452282e-02 2.381212645883566403e-01 2.111538100792489658e-01 5.106537353666874834e-02 2.140996492038604784e-03
1.492727572095053521e-03 8.683525057576473027e-02 7.490713508834292989e-02 3.954154248420848478e-02 9.873335319442244629e-02 1.508785512067152557e-01 5.281809150176343393e-02 2.318872515468128892e-01 2.090580475632649038e-01 5.165386576730543466e-02 2.194183499276881714e-03
1.426208562993245979e-03 8.858620553194146430e-02 7.625129767898139455e-02 3.759953140228034646e-02 9.924577602823024536e-02 1.578684744590538869e-01 5.206393981481766131e-02 2.256140972863900918e-01 2.068692735925992121e-01 5.222705028975400260e-02 2.248145352919183465e-03
1.359957291060278272e-03 9.032408826404632329e-02 7.759136758399427791e-02 3.568388592717507135e-02 9.986622422666015242e-02 1.649063744398401865e-01 5.127675510405975412e-02 2.193134510802732251e-01 2.045908233960967715e-01 5.278419852470916246e-02 2.302874162035002496e-03
1.294234612395767786e-03 9.204665642763652789e-02 7.892640876292883467e-02 3.379873917226423885e-02 1.005928258823937937e-01 1.719792309338005754e-01 5.045587215423306265e-02 2.129968834221041274e-01 2.022262004058785756e-01 5.332458707031913214e-02 2.358361155983146329e-03
1.229309317059428886e-03 9.375163254205512442e-02 8.025547582544059755e-02 3.194815557779236148e-02 1.014236192360385286e-01 1.790737338614691310e-01 4.960105234711491284e-02 2.066758547898822074e-01 1.997790710780240897e-01 5.384749875739193448e-02 2.414596667690368029e-03
1.165457592500526241e-03 9.543670734799927780e-02 8.157761482430739286e-02 3.013612063254358236e-02 1.023565580761982147e-01 1.861763169682354724e-01 4.871248661443717404e-02 2.003616847868930351e-01 1.972532593246278110e-01 5.435222371406332048e-02 2.471570118196114111e-03
1.102962444653142081e-03 9.709954332868477034e-02 8.289186406047796551e-02 2.836653090008775177e-02 1.033895169679682202e-01 1.932731930058321501e-01 4.779079652678302342e-02 1.940655217584491832e-01 1.946527405659542742e-01 5.483806043852867268e-02 2.529270002574043538e-03
1.042113077151207191e-03 9.873777839078738683e-02 8.419725489889084979e-02 2.664318437618197824e-02 1.045202962963019122e-01 2.003503903000735387e-01 4.683703351006218013e-02 1.877983129826896191e-01 1.919816354120406909e-01 5.530431687843960498e-02 2.587683877346122312e-03
9.832042292413514881e-04 1.003490297009140830e-01 8.549281259448510140e-02 2.496977120244507978e-02 1.057466271120649920e-01 2.073937905912918989e-01 4.585267618835402875e-02 1.815707755314548977e-01 1.892442029846354290e-01 5.575031151557587744e-02 2.646798349509422391e-03
9.265354731713483808e-04 1.019308976729367544e-01 8.677755712734994131e-02 2.334986476036663566e-02 1.070661757704521461e-01 2.143891680274408740e-01 4.483962585970319853e-02 1.753933678962378562e-01 1.864448338907303548e-01 5.617537445432174009e-02 2.706599067288051070e-03
8.724104719576518917e-04 1.034809701008113092e-01 8.805050404617907611e-02 2.178691316788216106e-02 1.084765483527130869e-01 2.213222291844077483e-01 4.380020011897910182e-02 1.692762624714784780e-01 1.835880428602957859e-01 5.657884851250340186e-02 2.767070712732580800e-03
8.211361986276224673e-04 1.049968264313021066e-01 8.931066531920295315e-02 2.028423119963851384e-02 1.099752948640481121e-01 2.281786539809016190e-01 4.273712464955489732e-02 1.632293189855656412e-01 1.806784610616733178e-01 5.696009031317508103e-02 2.828196996290586757e-03
7.730221181849884337e-04 1.064760421701816395e-01 9.055705019170018355e-02 1.884499265032951038e-02 1.115599132016486389e-01 2.349441373511710895e-01 4.165352321286842213e-02 1.572620589663033530e-01 1.777208281084189934e-01 5.731847137569139744e-02 2.889960653456469068e-03
7.283793337236753491e-04 1.079161934153787528e-01 9.178866604944158070e-02 1.747222315898194073e-02 1.132278528890795499e-01 2.416044315335695303e-01 4.055290587247568218e-02 1.513836413256406943e-01 1.747199837731894245e-01 5.765337920484081558e-02 2.952343443635786161e-03
6.875196982825719982e-04 1.093148615097063181e-01 9.300451928715658401e-02 1.616879351035281631e-02 1.149765185740915241e-01 2.481453888283626230e-01 3.943915549635636925e-02 1.456028391439337377e-01 1.716808594241443775e-01 5.796421837623789985e-02 3.015326151329739569e-03
6.507548942016852696e-04 1.106696378056007679e-01 9.420361618131958825e-02 1.493741342804623222e-02 1.168032732893200254e-01 2.545530046750293929e-01 3.831651258818320055e-02 1.399280177310547879e-01 1.686084692007651376e-01 5.825041161667249973e-02 3.078888589764192888e-03
6.183954819052521305e-04 1.119781285335847976e-01 9.538496376663983811e-02 1.378062587214855077e-02 1.187054414758034193e-01 2.608134608955825495e-01 3.718955850547598502e-02 1.343671140375117257e-01 1.655079009464890394e-01 5.851140087776679488e-02 3.143009607082238206e-03
5.907499202237104967e-04 1.132379597660139459e-01 9.654757071539529778e-02 1.270080185253608281e-02 1.206803117719645602e-01 2.669131689482738823e-01 3.606319712873560374e-02 1.289276174841111622e-01 1.623843069160823827e-01 5.874664840142766742e-02 3.207667095209010798e-03
5.681235605017686098e-04 1.144467824668725653e-01 9.769044821923181243e-02 1.170013576713734189e-02 1.227251395711835835e-01 2.728388130335955841e-01 3.494263505245281953e-02 1.236165522748239182e-01 1.592428942770659495e-01 5.895563777559127694e-02 3.272838001506445712e-03
5.508176169375770832e-04 1.156022776182972778e-01 9.881261087250223230e-02 1.078064127284940159e-02 1.248371493529774612e-01 2.785773928935234567e-01 3.383336037485802639e-02 1.184404612520720962e-01 1.560889154239978871e-01 5.913787497860906878e-02 3.338498343329338990e-03
5.391281157329547331e-04 1.167021614136719565e-01 9.991307755696310355e-02 9.944147694799974901e-03 1.270135367940902205e-01 2.841162661437097170e-01 3.274112016891702476e-02 1.134053913491932242e-01 1.529276581264403800e-01 5.929288941086970771e-02 3.404623225582356465e-03
5.333448258095163045e-04 1.177441905072789119e-01 1.009908723269170583e-01 9.192296978113252692e-03 1.292514706672126534e-01 2.894431899787260343e-01 3.167189672290758595e-02 1.085168806891674415e-01 1.497644355305543518e-01 5.942023491192460760e-02 3.471186861391066351e-03
5.337501739860378612e-04 1.187261673094602149e-01 1.020450252945670211e-01 8.526541184333619877e-03 1.315480945357710429e-01 2.945463620908079228e-01 3.063188264373342684e-02 1.037799473736686351e-01 1.466045760359236672e-01 5.951949076173315006e-02 3.538162595978288066e-03
5.406181476742572423e-04 1.196459453165294173e-01 1.030745735150851161e-01 7.948140533084662590e-03 1.339005282553476228e-01 2.994144606431058397e-01 2.962745492106373321e-02 9.919908000068711207e-02 1.434534130691764720e-01 5.959026266435489549e-02 3.605522933849099939e-03
5.542131882817107665e-04 1.205014344637107687e-01 1.040785618709322013e-01 7.458161987684314154e-03 1.363058692922986537e-01 3.040366831414085813e-01 2.866514805464128943e-02 9.477822994288290226e-02 1.403162747762101703e-01 5.963218371255177980e-02 3.673239569364879047e-03
5.747890786550985225e-04 1.212906064895037939e-01 1.050560439550570213e-01 7.057478381734257761e-03 1.387611938720439420e-01 3.084027840497513551e-01 2.775162635121164803e-02 9.052080541369234012e-02 1.371984736556929596e-01 5.964491533182209732e-02 3.741283420798470049e-03
6.025878280254414214e-04 1.220115002993571729e-01 1.060060829526820181e-01 6.746768082039128304e-03 1.412635579698104105e-01 3.125031109990070166e-01 2.689365550084842418e-02 8.642966734148090080e-02 1.341052961565072643e-01 5.962814820223817647e-02 3.809624667948797571e-03
6.378385580380591764e-04 1.226622273162422672e-01 1.069277525214709507e-01 6.526515181518663909e-03 1.438099981579513686e-01 3.163286394409816626e-01 2.609807354567610094e-02 8.250712706595263179e-02 1.310419922621241517e-01 5.958160315660329664e-02 3.878232793381859896e-03
2.319665168464041163e-03 4.371903567783077399e-02 4.326450365425282135e-02 7.831903706729409498e-02 1.216101353550454039e-01 1.943193403577963760e-02 5.682838159257126709e-02 3.643747982870895741e-01 2.316572486809875819e-01 3.725216834320409232e-02 1.223092137470022187e-03
2.291693925358394106e-03 4.518778312503784339e-02 4.450391257616354707e-02 7.697635171962462219e-02 1.197567101188593830e-01 2.222701787875198953e-02 5.556417611366681192e-02 3.621233670574403041e-01 2.320704830892348358e-01 3.803803502136191006e-02 1.260469374502005968e-03
2.261000640916923689e-03 4.668015282811152633e-02 4.576025035483310965e-02 7.558066847332790827e-02 1.179782436449261507e-01 2.523945510037121226e-02 5.441637454842721683e-02 3.595989814367391291e-01 2.323619211164291154e-01 3.882430192355660475e-02 1.298649932399986891e-03
2.227621583422583190e-03 4.819532072733957728e-02 4.703307779710910741e-02 7.413427087992371933e-02 1.162756724390043295e-01 2.846974622475318198e-02 5.337865369642785102e-02 3.568069959407167979e-01 2.325306796044992463e-01 3.961032206133469763e-02 1.337639045492750901e-03
2.191602606707498003e-03 4.973239944103902826e-02 4.832193077853551288e-02 7.263958592975128248e-02 1.146498223408497635e-01 3.191789232916211055e-02 5.244451179936232554e-02 3.537533176122036882e-01 2.325760619028494902e-01 4.039543378863008627e-02 1.377441470905978356e-03
2.152999392752757458e-03 5.129043780136351149e-02 4.962632024782086954e-02 7.109917662039894060e-02 1.131014145314008373e-01 3.558337695303447762e-02 5.160729900708630608e-02 3.504443908520106232e-01 2.324975617310296450e-01 4.117896139961164936e-02 1.418061463484964792e-03
2.111877672414869296e-03 5.286842051623406868e-02 5.094573225918619386e-02 6.951573421211516834e-02 1.116310716364858346e-01 3.946514954018257026e-02 5.086024828920024388e-02 3.468871806695225657e-01 2.322948666932140582e-01 4.196021576107245021e-02 1.459502750365547583e-03
2.068313422683637666e-03 5.446526796227398048e-02 5.227962803267022229e-02 6.789207019721038572e-02 1.102393238889778498e-01 4.356161051546469931e-02 5.019650666643116210e-02 3.430891543980914005e-01 2.319678614319261589e-01 4.273849497900789052e-02 1.501768505241717067e-03
2.022393038916642412e-03 5.607983611344366515e-02 5.362744404269281090e-02 6.623110801134529657e-02 1.089266153115769353e-01 4.787059809233530638e-02 4.960916663447452468e-02 3.390582619255059216e-01 2.315166304085534699e-01 4.351308509878174663e-02 1.544861322371933639e-03
1.974213480500689854e-03 5.771091660995800177e-02 5.498859213475283669e-02 6.453587451481256065e-02 1.076933098831902996e-01 5.238937690228644140e-02 4.909129765201560025e-02 3.348029144945448565e-01 2.309414602991765875e-01 4.428326083837336169e-02 1.588783190383665726e-03
1.923882388445878350e-03 5.935723697165237733e-02 5.636245967044113681e-02 6.280949127222298922e-02 1.065396976522258038e-01 5.711462853096403031e-02 4.863597756425393215e-02 3.303319621346260115e-01 2.302428419952264882e-01 4.504828635401890435e-02 1.633535465927352017e-03
1.871518173458456332e-03 6.101746095996780916e-02 5.774840970085712982e-02 6.105516565954885455e-02 1.054660007611533529e-01 6.204244403949612380e-02 4.823632383306040300e-02 3.256546697888652586e-01 2.294214721988049044e-01 4.580741603752673530e-02 1.679118847238881326e-03
1.817250073066477203e-03 6.269018909223667002e-02 5.914578116834737220e-02 5.927618182713469824e-02 1.044723793474938711e-01 6.716831854255687906e-02 4.788552444590226526e-02 3.207806922069755262e-01 2.284782546039851314e-01 4.655989534458470497e-02 1.725533347679509763e-03
1.761218176463279911e-03 6.437395931169478946e-02 6.055388913655884026e-02 5.747589154778469378e-02 1.035589372877496334e-01 7.248714790735320823e-02 4.757686837640317384e-02 3.157200476776265696e-01 2.274143006558583535e-01 4.730496165316647877e-02 1.772778269315705615e-03
1.703573415751697285e-03 6.606724781645648137e-02 6.197202504878117357e-02 5.565770497865749067e-02 1.027257277519279532e-01 7.799322763003105341e-02 4.730377547150478590e-02 3.104830906791440914e-01 2.262309298800442847e-01 4.804184515111096371e-02 1.820852176613359111e-03
1.644477522388690773e-03 6.776847005027572535e-02 6.339945701450891424e-02 5.382508136577066060e-02 1.019727585379261725e-01 8.368025393775935239e-02 4.705982564200134055e-02 3.050804835302757256e-01 2.249296697766522968e-01 4.876976975207718279e-02 1.869752870321030221e-03
1.584102947666117013e-03 6.947598185758423195e-02 6.483543012418416240e-02 5.198151971951189831e-02 1.012999971565275714e-01 8.954132715650131580e-02 4.683878723634312541e-02 2.995231671278940633e-01 2.235122552734044865e-01 4.948795403874657606e-02 1.919477361622441355e-03
1.522632746166128776e-03 7.118808080493214951e-02 6.627916679178665060e-02 5.013054948936914584e-02 1.007073756394832598e-01 9.556895737546476643e-02 4.663464448041251126e-02 2.938223308600394490e-01 2.219806277334120392e-01 5.019561223224949104e-02 1.970021846639219421e-03
1.460260421217548154e-03 7.290300767061985709e-02 6.772986712544688814e-02 4.827572126556863019e-02 1.001947950451610864e-01 1.017550724304223525e-01 4.644162387031880446e-02 2.879893817882026030e-01 2.203369335148381847e-01 5.089195518675419805e-02 2.021381681374743999e-03
1.397189731467716328e-03 7.461894810400505895e-02 6.918670932570888943e-02 4.642059753491890872e-02 9.976212963813976820e-02 1.080910282185205545e-01 4.625421940866546872e-02 2.820359131935281094e-01 2.185835220798525436e-01 5.157619140799779567e-02 2.073551357183193479e-03
1.333634457792147931e-03 7.633403445527535414e-02 7.064885011125679459e-02 4.456874351743515816e-02 9.940923072093091339e-02 1.145676213482551692e-01 4.606721658028938016e-02 2.759736725854814998e-01 2.167229436518290364e-01 5.224752809458549363e-02 2.126524476864424112e-03
1.269818129872898058e-03 7.804634777647502519e-02 7.211542517207178427e-02 4.272371810982717594e-02 9.913593009894906827e-02 1.211751041178442956e-01 4.587571496795084247e-02 2.698145292736316980e-01 2.147579464210359057e-01 5.290517220080060562e-02 2.180293731477749714e-03
1.205973711885314961e-03 7.975391999387085318e-02 7.358554964967642387e-02 4.088906496108359045e-02 9.894204316116170239e-02 1.279032018064159282e-01 4.567514941440453669e-02 2.635704416044553078e-01 2.126914732994045765e-01 5.354833151959188103e-02 2.234850877975868254e-03
1.142343246862226281e-03 8.145473625132505779e-02 7.505831864428297306e-02 3.906830370457826246e-02 9.882737156179535742e-02 1.347411322516614274e-01 4.546130964290284737e-02 2.572534239676779744e-01 2.105266582266945019e-01 5.417621578438610447e-02 2.290186717763334490e-03
1.079177459422956016e-03 8.314673742409049717e-02 7.653280774864543168e-02 3.726492137031366808e-02 9.879170549085983244e-02 1.416776276785282340e-01 4.523035825495376472e-02 2.508755136771624317e-01 2.082668220313465823e-01 5.478803778836405236e-02 2.346291076282139808e-03
1.016735316681857335e-03 8.482782280167024125e-02 7.800807360828101999e-02 3.548236399995883389e-02 9.883482552345405903e-02 1.487009587333013583e-01 4.497884703039562587e-02 2.444487378326721250e-01 2.059154678501301239e-01 5.538301451969486477e-02 2.403152783739951389e-03
9.552835473073063768e-04 8.649585293837816491e-02 7.948315450794532500e-02 3.372402848627573113e-02 9.895650404037593939e-02 1.557989606674924921e-01 4.470373146220423671e-02 2.379850802693860845e-01 2.034762761121883257e-01 5.596036831133410772e-02 2.460759657085982710e-03
8.950961188191656169e-04 8.814865266926204257e-02 8.095707098398555179e-02 3.199325465751570036e-02 9.915650621536058196e-02 1.629590616066077802e-01 4.440238346550753196e-02 2.314964487019463280e-01 2.009530990938470929e-01 5.651932800376208849e-02 2.519098483350939999e-03
8.364536733690830636e-04 8.978401428891859271e-02 8.242882646229829358e-02 3.029331762625338959e-02 9.943459056628559112e-02 1.701683128290008007e-01 4.407260220813530999e-02 2.249946421702092580e-01 1.983499550518186827e-01 5.705913011915764166e-02 2.578155004464142974e-03
7.796429224028950458e-04 9.139970089014759491e-02 8.389740792174849027e-02 2.862742042099484380e-02 9.979050907078616806e-02 1.774134209709829491e-01 4.371262301738616796e-02 2.184913188926294048e-01 1.956710219437761689e-01 5.757902004548044045e-02 2.637913903668099962e-03
7.249560007475723761e-04 9.299344985896829119e-02 8.536178658256472762e-02 2.699868691756659306e-02 1.002240068487089547e-01 1.846807820646458043e-01 4.332112432628603543e-02 2.119979646328823408e-01 1.929206307453348868e-01 5.807825322863453127e-02 2.698358793646197899e-03
6.726897808302316050e-04 9.456297652184116054e-02 8.682091861964383317e-02 2.541015508627127162e-02 1.007348214170767642e-01 1.919565173068442654e-01 4.289723263028644151e-02 2.055258616839975849e-01 1.901032583754018734e-01 5.855609637128278422e-02 2.759472206480827888e-03
6.231451478821463863e-04 9.610597794079861478e-02 8.827374590031468460e-02 2.386477056920551648e-02 1.013226815245900636e-01 1.992265104482929539e-01 4.244052543382505205e-02 1.990860585722596110e-01 1.872235202407625809e-01 5.901182863649016147e-02 2.821235585568499567e-03
5.766262371700384961e-04 9.762013685121868900e-02 8.971919674628930919e-02 2.236538060120862523e-02 1.019873055763211023e-01 2.064764466842544111e-01 4.195103217468792306e-02 1.926893405813340232e-01 1.842861624134034537e-01 5.944474285448020368e-02 2.883629279603287538e-03
5.334396344243551996e-04 9.910312573717705575e-02 9.115618671967860853e-02 2.091472828620949409e-02 1.027283996608780448e-01 2.136918529202614936e-01 4.142923312235086142e-02 1.863462011949703068e-01 1.812960534544371116e-01 5.985414673081883991e-02 2.946632538755781117e-03
4.938935408277823208e-04 1.005526110379617727e-01 9.258361943247436776e-02 1.951544723965270914e-02 1.035456551947397802e-01 2.208581392788468434e-01 4.087605625510822710e-02 1.800668145535286868e-01 1.782581758994528920e-01 6.023936405419733076e-02 3.010223513163777769e-03
4.582969040819090184e-04 1.019662574797429444e-01 9.400038737955679347e-02 1.817005660621563365e-02 1.044387462008879441e-01 2.279606417064937440e-01 4.029287212923486627e-02 1.738610090163515143e-01 1.751776174213825477e-01 6.059973590209304789e-02 3.074379253854675476e-03
4.269585172360413380e-04 1.033417325252128371e-01 9.540537279460137299e-02 1.688095646061870542e-02 1.054073262408361661e-01 2.349846655339163093e-01 3.968148676181901258e-02 1.677382419195097563e-01 1.720595616875916778e-01 6.093462184241478508e-02 3.139075716217189574e-03
4.001860871282366121e-04 1.046767109340080854e-01 9.679744852887078865e-02 1.565042359804619601e-02 1.064510250209947662e-01 2.419155298361841400e-01 3.904413255723230419e-02 1.617075756130768038e-01 1.689092789289741159e-01 6.124340112934772290e-02 3.204287766136430446e-03
3.782852744557390202e-04 1.059688794259729810e-01 9.817547895241926503e-02 1.448060771927084378e-02 1.075694446968699508e-01 2.487386124350292327e-01 3.838345731552080670e-02 1.557776548599743016e-01 1.657321162399186809e-01 6.152547389161421715e-02 3.269989188911013624e-03
3.615587076555460289e-04 1.072159414392379884e-01 9.953832087748759605e-02 1.337352801417483923e-02 1.087621558994348037e-01 2.554393953803963946e-01 3.770251136895237665e-02 1.499566856721126773e-01 1.625334876282773511e-01 6.178026231118637773e-02 3.336152701059328859e-03
3.503049729348556318e-04 1.084156219740319838e-01 1.008848245037944208e-01 1.233107014607081470e-02 1.100286935105421471e-01 2.620035107438413724e-01 3.700473290088093781e-02 1.442524156562292881e-01 1.593188638358599418e-01 6.200721179061903510e-02 3.402749965125276624e-03
3.448175829534591889e-04 1.095656725134345061e-01 1.022138343854600562e-01 1.135498363779698615e-02 1.113685522153927271e-01 2.684167865546029375e-01 3.629393150877862489e-02 1.386721159362709899e-01 1.560937619504863261e-01 6.220579210720136171e-02 3.469751607589329628e-03
3.453839268119518338e-04 1.106638760115104952e-01 1.035241904191430973e-01 1.044687965935585730e-02 1.127811818611278022e-01 2.746652927045609704e-01 3.557427008056860546e-02 1.332225647137774971e-01 1.528637348311868149e-01 6.237549855192609655e-02 3.537127239985133481e-03
3.522842041589712130e-04 1.117080519386842025e-01 1.048147288533627375e-01 9.608229215404509582e-03 1.142659826528050065e-01 2.807353866479351812e-01 3.485024506073518963e-02 1.279100325228506030e-01 1.496343603692239788e-01 6.251585305147666638e-02 3.604845483321452923e-03
3.657903463674374504e-04 1.126960613743104300e-01 1.060842833183902323e-01 8.840361729796132953e-03 1.158223002179200045e-01 2.866137587194172442e-01 3.412666518917432945e-02 1.227402692296240827e-01 1.464112306077811898e-01 6.262640527128955636e-02 3.672873995896074918e-03
3.861649278836476679e-04 1.136258121356219647e-01 1.073316858766848181e-01 8.144464023048485560e-03 1.174494205723201484e-01 2.922874768941898793e-01 3.340862880242567029e-02 1.177184928211995052e-01 1.431999407441161276e-01 6.270673369787005402e-02 3.741179504599579861e-03
4.136600709807553922e-04 1.144952639320834242e-01 1.085557680934715608e-01 7.521579677385846659e-03 1.191465650211208926e-01 2.977440308135481661e-01 3.270149979297366782e-02 1.128493800221371662e-01 1.400060780381065517e-01 6.275644669836674683e-02 3.809727839778926251e-03
4.485163472830918643e-04 1.153024335338423967e-01 1.097553621270546953e-01 6.972608782971637977e-03 1.209128850281089573e-01 3.029713749009104728e-01 3.201088232781476584e-02 1.081370587704618275e-01 1.368352106521292244e-01 6.277518355562110297e-02 3.878483973743188356e-03
4.909616795498521983e-04 1.160453999427236427e-01 1.109293018388748803e-01 6.498308057677986034e-03 1.227474570883716615e-01 3.079579703940218405e-01 3.134259443295456943e-02 1.035851025790732460e-01 1.336928764469269837e-01 6.276261547679093389e-02 3.947412062983271346e-03
5.412102473214240594e-04 1.167223095536020355e-01 1.120764239225870706e-01 6.099291331808646272e-03 1.246492776386596973e-01 3.126928261227840400e-01 3.070264055512627460e-02 9.919652680107048093e-02 1.305845717591562760e-01 6.271844657365531484e-02 4.016475494159190383e-03
2.045971330670341096e-03 4.034735834153486966e-02 4.173982309237188326e-02 7.785382883544822441e-02 1.233953102520125855e-01 1.286316648967654810e-02 4.683953965606207220e-02 3.834465317726403200e-01 2.316433413948097708e-01 3.855374568985273087e-02 1.271383144880903560e-03
2.014652261537484834e-03 4.173914121631629864e-02 4.300008184689625701e-02 7.652224583844847994e-02 1.219965735121085471e-01 1.511355065791173888e-02 4.521626223919231885e-02 3.816734161277927084e-01 2.320360934732462743e-01 3.937751548323083217e-02 1.310467343309067211e-03
1.980802350971682529e-03 4.315446893830030689e-02 4.428053269651426038e-02 7.514450742194547783e-02 1.206381922970956172e-01 1.757657778052970285e-02 4.375602265067932151e-02 3.796115161886558509e-01 2.323049852315295927e-01 4.020200376246368945e-02 1.350390681304202431e-03
1.944469229376741878e-03 4.459259233893887731e-02 4.558083813412296820e-02 7.372271639402237786e-02 1.193200317740765320e-01 2.025461993827817886e-02 4.245242893853419519e-02 3.772654863027146144e-01 2.324491258883220057e-01 4.102653329072557253e-02 1.391157770881640927e-03
1.905710119743359889e-03 4.605270115664986813e-02 4.690063379718224790e-02 7.225909142828604304e-02 1.180419336984728507e-01 2.314959271849207148e-02 4.129876919439187666e-02 3.746405672614530613e-01 2.324678169861107146e-01 4.185041098557057415e-02 1.432772653655683525e-03
1.864592055746722545e-03 4.753392351662714954e-02 4.823952821807056535e-02 7.075596011755247439e-02 1.168037257827816422e-01 2.626293076057493667e-02 4.028804336209755588e-02 3.717425724261013698e-01 2.323605564436147519e-01 4.267292854422017473e-02 1.475238772589525368e-03
1.821192077265051468e-03 4.903532553099799324e-02 4.959710259814553712e-02 6.921575181349849670e-02 1.156052309168562331e-01 2.959556463240964330e-02 3.941299596614539907e-02 3.685778721661570057e-01 2.321270422482503148e-01 4.349336310681340551e-02 1.518558943452115624e-03
1.775597401776351407e-03 5.055591102427352268e-02 5.097291060616096492e-02 6.764099027841805056e-02 1.144462761895669867e-01 3.314789916359516669e-02 3.866614962590326360e-02 3.651533766532464309e-01 2.317671757739578342e-01 4.431097795704112829e-02 1.562735326037318229e-03
1.727905570126366322e-03 5.209462138876491677e-02 5.236647820176833223e-02 6.603428617550599622e-02 1.133267016629763702e-01 3.691979335749299984e-02 3.803983921827165660e-02 3.614765170580818143e-01 2.312810647119689644e-01 4.512502325981741086e-02 1.607769395199765269e-03
1.678224565192365210e-03 5.365033557441160894e-02 5.377730348441536745e-02 6.439832942376283453e-02 1.122463688515956265e-01 4.091054199934039681e-02 3.752624654851642594e-02 3.575552252040996026e-01 2.306690256015115348e-01 4.593473683529916696e-02 1.653661911770824269e-03
1.626672901990035194e-03 5.522187021733022255e-02 5.520485656847042705e-02 6.273588144394362520e-02 1.112051688608249600e-01 4.511885907241768023e-02 3.711743538719332325e-02 3.533979117364747236e-01 2.299315859492609415e-01 4.673934496866127136e-02 1.700412893418819064e-03
1.573379687846509101e-03 5.680797991098008454e-02 5.664857948503392027e-02 6.104976732161250530e-02 1.102030301399825052e-01 4.954286308831634678e-02 3.680538672900011271e-02 3.490134428704055880e-01 2.290694859263912031e-01 4.753806325488250939e-02 1.748021585521562001e-03
1.518484651283540402e-03 5.840735762384687696e-02 5.810788611097395667e-02 5.934286791333341637e-02 1.092399258081273722e-01 5.418006443101642394e-02 3.658203412906258639e-02 3.444111157885469399e-01 2.280836796338685524e-01 4.833009747777957527e-02 1.796486432127246879e-03
1.462138138333154373e-03 6.001863526696552681e-02 5.958216212589115268e-02 5.761811192163202727e-02 1.083158805121808288e-01 5.902735480731195056e-02 3.643929897116728045e-02 3.396006327606168607e-01 2.269753359264349291e-01 4.911464452236918854e-02 1.845805047073880226e-03
1.404501075061580055e-03 6.164038441455773482e-02 6.107076499736213693e-02 5.587846796392122173e-02 1.074309767797043680e-01 6.408099888882420880e-02 3.636912552331549725e-02 3.345920740642353008e-01 2.257458387879336670e-01 4.989089331974024683e-02 1.895974185356744200e-03
1.345744895161595737e-03 6.327111718059971746e-02 6.257302399524786174e-02 5.412693666025882033e-02 1.065853608310526474e-01 6.933662822256105029e-02 3.636351563641895823e-02 3.293958697902603094e-01 2.243967872503355443e-01 5.065802582326944803e-02 1.946989714818181741e-03
1.286051431537473585e-03 6.490928725387061504e-02 6.408824023547837756e-02 5.236654276424074217e-02 1.057792478183099683e-01 7.478923747872331940e-02 3.641456294377099639e-02 3.240227706193636315e-01 2.229299948510859164e-01 5.141521801532303315e-02 1.998846588257043207e-03
1.225612770898760681e-03 6.655329109371345420e-02 6.561568675387535743e-02 5.060032736055526670e-02 1.050129264612399416e-01 8.043318309528484089e-02 3.651448642083789109e-02 3.184838176609804394e-01 2.213474886234450822e-01 5.216164094312109034e-02 2.051538816042743248e-03
1.164631070474840113e-03 6.820146928820773613e-02 6.715460861065222775e-02 4.883134015218570934e-02 1.042867630534310419e-01 8.626218436979998794e-02 3.665566316777531947e-02 3.127903114494337000e-01 2.196515076159985536e-01 5.289646178268760102e-02 2.105059439330145450e-03
1.103318336051429789e-03 6.985210807648443987e-02 6.870422302608071574e-02 4.706263185950362860e-02 1.036012048150659476e-01 9.226932703896463528e-02 3.683066028024651467e-02 3.069537801951234268e-01 2.178445009388607079e-01 5.361884492962114973e-02 2.159400503979553090e-03
1.041896160636475964e-03 7.150344103596063816e-02 7.026371954787433149e-02 4.529724675252368160e-02 1.029567825717268847e-01 9.844706937650171685e-02 3.703226567816582382e-02 3.009859473914929251e-01 2.159291253345222705e-01 5.432795311527915949e-02 2.214553035270566596e-03
9.805954231802088781e-04 7.315365093541321972e-02 7.183226025085620581e-02 4.353821533688007062e-02 1.023541127421854213e-01 1.047872508298388211e-01 3.725351776624188233e-02 2.948986988815936461e-01 2.139082422731069522e-01 5.502294854713100231e-02 2.270507013530899225e-03
9.196559468677668273e-04 7.480087175402759525e-02 7.340897996948748949e-02 4.178854721297431407e-02 1.017938986213150765e-01 1.112811032051538029e-01 3.748773380539369843e-02 2.887040494897967768e-01 2.117849145724874371e-01 5.570299407169167910e-02 2.327251350771952082e-03
8.593261166687498481e-04 7.644319086640681549e-02 7.499298656373254435e-02 4.005122412681237642e-02 1.012769309479356339e-01 1.179192643997435813e-01 3.772853687929655225e-02 2.824141093270020608e-01 2.095624025452449135e-01 5.636725435867790540e-02 2.384773868452208338e-03
7.998624558906118620e-04 7.807865139277009314e-02 7.658336121894879223e-02 3.832919323013022489e-02 1.008040877507500599e-01 1.246917946700761143e-01 3.796988134677857507e-02 2.760410498781759037e-01 2.072441596752153392e-01 5.701489710476267264e-02 2.443061276476230642e-03
7.415291616781275862e-04 7.970525471363808234e-02 7.817915878011050257e-02 3.662536056612519103e-02 1.003763334692018006e-01 1.315881954124907549e-01 3.820607667678782571e-02 2.695970699831592987e-01 2.048338278279026037e-01 5.764509425531303549e-02 2.502099153544199740e-03
6.845975994937153085e-04 8.132096314717511543e-02 7.977940812118919367e-02 3.494258479604826079e-02 9.999471734955334146e-02 1.385974304227278742e-01 3.843180956984988683e-02 2.630943618223895442e-01 2.023352320000789684e-01 5.825702324249767278e-02 2.561871928968083301e-03
6.293457567768469306e-04 8.292370278761307389e-02 8.138311255001132172e-02 3.328367118087208892e-02 9.966037112005202148e-02 1.457079495893090215e-01 3.864216427727794334e-02 2.565450770190303431e-01 1.997523746149018897e-01 5.884986823805110623e-02 2.622362866076508731e-03
5.760576561171130506e-04 8.451136650219019664e-02 8.298925024923839433e-02 3.165136583088101058e-02 9.937450595285263200e-02 1.529077149649263889e-01 3.883264103687422697e-02 2.499612929700487096e-01 1.970894293705913181e-01 5.942282141893593522e-02 2.683554047323438892e-03
5.250227284281183768e-04 8.608181708383708108e-02 8.459677475398749702e-02 3.004835023491478005e-02 9.913840872348093913e-02 1.601842291490211123e-01 3.899917255219188805e-02 2.433549795176308816e-01 1.943507346511818834e-01 5.997508424407105299e-02 2.745426361221973803e-03
4.765351467565174647e-04 8.763289055636068470e-02 8.620461546657762208e-02 2.847723607991201750e-02 9.895343758250702004e-02 1.675245659041854629e-01 3.913813845069429725e-02 2.367379660718663126e-01 1.915407865095319906e-01 6.050586874036355950e-02 2.807959491228164545e-03
4.308931215268218184e-04 8.916239962820324272e-02 8.781167820891382092e-02 2.694056036971234636e-02 9.882101685710344141e-02 1.749154029181876624e-01 3.924637766483611567e-02 2.301219092948039169e-01 1.886642312339188443e-01 6.101439879608268335e-02 2.871131906692148301e-03
3.883981581658916020e-04 9.066813729079117867e-02 8.941684581312560332e-02 2.544078085150160151e-02 9.874263130410157463e-02 1.823430566133397157e-01 3.932119868885494696e-02 2.235182614540195400e-01 1.857258575103286069e-01 6.149991145973714157e-02 2.934920856002070158e-03
3.493542782234948236e-04 9.214788055653963528e-02 9.101897875073385047e-02 2.398027175627697599e-02 9.871981973862065107e-02 1.897935188952848684e-01 3.936038767343324335e-02 2.169382395521444740e-01 1.827305881942501431e-01 6.196165824241439690e-02 2.999302362041492403e-03
3.140672052584362380e-04 9.359939433142881737e-02 9.261691580111200417e-02 2.256131985918686036e-02 9.875416806615876231e-02 1.972524957228470044e-01 3.936221432948218413e-02 2.103927953365662407e-01 1.796834717061960851e-01 6.239890642166141116e-02 3.064251220075928442e-03
2.828435169282732058e-04 9.502043541659550840e-02 9.420947475942280380e-02 2.118612086373256043e-02 9.884730174867994990e-02 2.047054473724370938e-01 3.932543562159842437e-02 2.038925862904688857e-01 1.765896730670515336e-01 6.281094034484656363e-02 3.129740998197771615e-03
2.559897648772051703e-04 9.640875663266230966e-02 9.579545318468127291e-02 1.985677611303156287e-02 9.900087773818573578e-02 2.121376302607655973e-01 3.924929724158322808e-02 1.974479477040157471e-01 1.734544645897314885e-01 6.319706272998672214e-02 3.195744040441033697e-03
2.338115641887557469e-04 9.776211106046804600e-02 9.737362918828423863e-02 1.857528962985928456e-02 9.921657591399145326e-02 2.195341401820139760e-01 3.913353286145761223e-02 1.910688659199710759e-01 1.702832162450741982e-01 6.355659596193541372e-02 3.262231472682394079e-03
2.166126543232139707e-04 9.907825639098866155e-02 9.894276226339476787e-02 1.734356548614970558e-02 9.949609006254601928e-02 2.268799568076918238e-01 3.897836117531168487e-02 1.847649528454118339e-01 1.670813857208359177e-01 6.388888338186818339e-02 3.329173211444829035e-03
2.046939336239771601e-04 1.003549593772000703e-01 1.005015941556902104e-01 1.616340550133813642e-02 9.984111844060419849e-02 2.341599892899997870e-01 3.878448074858456551e-02 1.785454218159496786e-01 1.638545081934113523e-01 6.419329056787549670e-02 3.396537975711415996e-03
1.983524696451114300e-04 1.015900003798128476e-01 1.020488497755813601e-01 1.503650726788797673e-02 1.002533539655190709e-01 2.413591228035850689e-01 3.855306270289673293e-02 1.724190648952060867e-01 1.606081858332793211e-01 6.446920660466319564e-02 3.464293301865802120e-03
1.978804876947242277e-04 1.027811779988165447e-01 1.035832381525597645e-01 1.396446250116064117e-02 1.007344740776624503e-01 2.484622658538844786e-01 3.828574127358484042e-02 1.663942316871591942e-01 1.573480770655173444e-01 6.471604534006540621e-02 3.532405561850258773e-03
2.035643401562339545e-04 1.039263137818985105e-01 1.051034534316193647e-01 1.294875570973240582e-02 1.012861303219256409e-01 2.554543981757335658e-01 3.798460228666592636e-02 1.604788097332705554e-01 1.540798856080420887e-01 6.493324662628967292e-02 3.600839984650949527e-03
