6.507722541704567994e-04 2.848112014927875642e-03 7.746218132030508081e-03 4.983584365477371214e-02 1.119753069984160548e-01 1.540643073059983215e-01 2.235081620482799736e-01 4.268911073787733379e-01 6.148777541094790737e-03 1.542027017413360145e-02 9.111224974045534133e-04
6.578153927319784107e-04 2.965946137335137307e-03 7.160740728744655406e-03 5.026112981631579435e-02 1.145158233384543506e-01 1.449694111435615718e-01 2.175136167704920798e-01 4.391018356082954099e-01 6.139460265559046337e-03 1.577141149831497169e-02 9.428093002041189070e-04
6.645358372453277068e-04 3.087248460267357983e-03 6.585331771326564942e-03 5.083394066082491669e-02 1.168678463436098325e-01 1.360848925279428967e-01 2.114373789164434303e-01 4.512056408394621299e-01 6.132924568456005025e-03 1.612512130725240328e-02 9.751387671728709797e-04
6.709311119606662602e-04 3.212090740759026512e-03 6.021846759302971162e-03 5.155594235978273876e-02 1.190217482563462603e-01 1.274227406917686767e-01 2.052928484525811670e-01 4.631835965875517602e-01 6.128970385847246592e-03 1.648118603336025043e-02 1.008098620723254504e-03
6.770006623900495790e-04 3.340547003573889149e-03 5.472158283843442210e-03 5.242826745371099301e-02 1.209687224862788790e-01 1.189944596904214807e-01 1.990933881459555910e-01 4.750170051764633916e-01 6.127395541735090705e-03 1.683938070028041800e-02 1.041674855357902808e-03
6.827459931795444754e-04 3.472693680696404411e-03 4.938151754230810618e-03 5.345150980688845310e-02 1.227008194823989845e-01 1.108110369216333269e-01 1.928522854052378555e-01 4.866874394863394127e-01 6.127997041061398684e-03 1.719946874760892169e-02 1.075851680698393766e-03
6.881708075310476657e-04 3.608609753924376957e-03 4.421721022527904874e-03 5.462572201957573148e-02 1.242109787867058945e-01 1.028829133137385693e-01 1.865827150561205072e-01 4.981767835619895779e-01 6.130572339593166019e-03 1.756120187204172553e-02 1.110611466284636183e-03
6.932811478146783763e-04 3.748376900342683966e-03 3.924763918718301471e-03 5.595041531204802965e-02 1.254930571235082504e-01 9.521995529047168338e-02 1.802977031718404066e-01 5.094672719775791281e-01 6.134920582739939073e-03 1.792431988653031202e-02 1.145934688425989971e-03
6.980855370060604775e-04 3.892079640444230312e-03 3.449177709091231798e-03 5.742456188239975640e-02 1.265418523998065314e-01 8.783142861388508471e-02 1.740100920729574785e-01 5.205415278604812457e-01 6.140843805465894499e-03 1.828855059906989156e-02 1.181799879393038511e-03
7.025951205530460387e-04 4.039805488645051117e-03 2.996854490979446086e-03 5.904659972689659669e-02 1.273531235116940330e-01 8.072597419879180836e-02 1.677325066014782318e-01 5.313825994830352339e-01 6.148148085882087013e-03 1.865360971280304384e-02 1.218183579253085454e-03
7.068238082582650912e-04 4.191645105950225943e-03 2.569676537349422241e-03 6.081443989905995634e-02 1.279236058731416936e-01 7.391158598435754179e-02 1.614773217674018990e-01 5.419739953394280274e-01 6.156644645266537430e-03 1.901920074911747985e-02 1.255060290658713794e-03
7.107884157549448608e-04 4.347692454506097044e-03 2.169511604994565999e-03 6.272547617146112531e-02 1.282510226052950564e-01 6.739559093977287585e-02 1.552566318568714132e-01 5.522997176312094414e-01 6.166150887722616353e-03 1.938501499548796192e-02 1.292402436911632745e-03
7.145088051212368074e-04 4.508044953766177261e-03 1.798208220358266498e-03 6.477659705094482301e-02 1.283340913456689492e-01 6.118463127226695525e-02 1.490822210826635019e-01 5.623442940926811628e-01 6.176491373048403032e-03 1.975073147986376038e-02 1.330180323627926141e-03
7.180080241740356174e-04 4.672803637998637974e-03 1.457590957221333375e-03 6.696420008696322979e-02 1.281725266586999923e-01 5.528464889658557535e-02 1.429655358489338168e-01 5.720928080949567729e-01 6.187498716867830331e-03 2.011601697327577293e-02 1.368362104344663039e-03
7.213124439593785863e-04 4.842073314846595533e-03 1.149455720572030394e-03 6.928420840014007376e-02 1.277670380511335413e-01 4.970087221551899859e-02 1.369176586933556483e-01 5.815309269748741849e-01 6.199014412547261196e-03 2.048052602262366920e-02 1.406913750411331468e-03
7.244518939453360295e-04 5.015962724654991940e-03 8.755650511307936333e-04 7.173208934706096218e-02 1.271193236173089047e-01 4.443780525160850176e-02 1.309492839610745529e-01 5.906449285424059115e-01 6.210889569984117883e-03 2.084390101530544590e-02 1.445799025516022237e-03
7.274597944054998939e-04 5.194584700264624419e-03 6.376434649977488767e-04 7.430287522661171984e-02 1.262320593611270247e-01 3.949921916032774621e-02 1.250706952557420759e-01 5.994217257268619203e-01 6.222985566869551621e-03 2.120577227758512970e-02 1.484979465205463331e-03
7.303732854722677680e-04 5.378056326977872711e-03 4.373728428761716898e-04 7.699118592241478709e-02 1.251088842627840758e-01 3.488814614500997807e-02 1.192917447044283541e-01 6.078488893310928232e-01 6.235174608711509595e-03 2.156575820847704203e-02 1.524414361760927181e-03
7.332333523226781035e-04 5.566499102395728107e-03 2.763878832576602707e-04 7.979125336664175117e-02 1.237543811789758447e-01 3.060687578408851847e-02 1.136218340643893321e-01 6.159146688677880066e-01 6.247340194400907362e-03 2.192346545094145741e-02 1.564060754792108519e-03
7.360849459551395456e-04 5.760039095781076431e-03 1.562716338244899989e-04 8.269694770084849711e-02 1.221740536856250198e-01 2.665695377081652925e-02 1.080698976911286247e-01 6.236080114610389469e-01 6.259377484889195632e-03 2.227848910216771033e-02 1.603873427923468813e-03
7.389770989957867567e-04 5.958807106709294171e-03 7.855111514172331843e-05 8.570180500140250901e-02 1.203742989915721900e-01 2.303918305612721526e-02 1.026443873789644606e-01 6.309185788013936813e-01 6.271193573103029870e-03 2.263041296466305335e-02 1.643804911937415351e-03
7.419630359802243313e-04 6.162938822604160753e-03 4.469305046975553868e-05 8.879905642922357456e-02 1.183623770709307244e-01 1.975362737496064169e-02 9.735325907731055828e-02 6.378367621498867157e-01 6.282707653952131384e-03 2.297880983989442419e-02 1.683805494750437257e-03
7.451002775325720699e-04 6.372574974908454086e-03 5.609971525541929067e-05 9.198165865679809594e-02 1.161463761786600962e-01 1.679961712697057574e-02 9.220396147789614028e-02 6.443536953933370892e-01 6.293851093973037297e-03 2.332324186607704491e-02 1.723823238588145530e-03
7.484507378749819320e-04 6.587861493554901353e-03 1.141049195071993489e-04 9.524232541893530579e-02 1.137351749318454008e-01 1.417575757266873772e-02 8.720342646108497631e-02 6.504612661572666266e-01 6.304567400799443617e-03 2.366326090172510277e-02 1.763804004729154461e-03
7.520808150881235377e-04 6.808949659382250094e-03 2.199701358840552520e-04 9.857356002905465209e-02 1.111384011545217265e-01 1.187993929695455551e-02 8.235806138196762050e-02 6.561521249909942899e-01 6.314812093416695762e-03 2.399840895653207809e-02 1.803691486182622218e-03
7.560614735435179125e-04 7.035996254239191422e-03 3.748807858841819111e-04 1.019676886978426456e-01 1.083663876983831376e-01 9.909350882670716829e-03 7.767374317019080932e-02 6.614196926428750345e-01 6.324552474766613822e-03 2.432821867093488272e-02 1.843427248656412647e-03
7.604683179312888642e-04 7.269163708414064749e-03 5.799426960452885296e-04 1.054168944879779329e-01 1.054301254653261244e-01 8.260493728181163633e-03 7.315581421184336186e-02 6.662581654493183736e-01 6.333767308994920492e-03 2.465221384580289221e-02 1.882950780172270525e-03
7.653816583084607859e-04 7.508620245083562524e-03 8.361787355352455877e-04 1.089132517359408803e-01 1.023412138702483598e-01 6.929198934510463065e-03 6.880907997469767889e-02 6.706625188662944659e-01 6.342446406289618116e-03 2.496991002342465599e-02 1.922199549668640985e-03
7.708865655928421245e-04 7.754540021470400848e-03 1.144525645956119293e-03 1.124487607700870861e-01 9.911180899265079058e-02 5.910646179660208888e-03 6.463780833369101031e-02 6.746285091760908514e-01 6.350590118868723599e-03 2.528081512100879488e-02 1.961109074929272365e-03
7.770729169448273212e-04 8.007103266406268363e-03 1.505831073559633655e-03 1.160153827536546667e-01 9.575456967560590227e-02 5.199384489945241099e-03 6.064573054804496544e-02 6.781526734056396721e-01 6.358208752357687177e-03 2.558443011764561723e-02 1.999613000157873625e-03
7.840354304713847587e-04 8.266496413963519627e-03 1.920850813449121852e-03 1.196050744814861899e-01 9.228260183829053998e-02 4.789354811426841524e-03 5.683604383672165999e-02 6.812323274976591625e-01 6.365321897307487167e-03 2.588024979566303993e-02 2.037643183512913639e-03
7.918736887114106136e-04 8.532912232877694694e-03 2.390246274652133886e-03 1.232098229599311590e-01 8.870940127495946514e-02 4.673914277573102891e-03 5.321141549532098364e-02 6.838655627777897594e-01 6.371957686251170615e-03 2.616776353704683422e-02 2.075129794891377322e-03
8.006921503673217677e-04 8.806549951447747299e-03 2.914582174231887361e-03 1.268216796020826820e-01 8.504879521810304599e-02 4.845862063534818291e-03 4.977398849350175847e-02 6.860512407647431088e-01 6.378151982160991731e-03 2.644645617557026679e-02 2.112001424246019027e-03
8.106001497619489066e-04 9.087615377619566101e-03 3.494324467888106339e-03 1.304327938726156932e-01 8.131488294741828771e-02 5.297466711803843972e-03 4.652538848905422159e-02 6.877889863734574227e-01 6.383947504645379363e-03 2.671580890499371599e-02 2.148185200689543915e-03
8.217118835172684951e-04 9.376321013950118799e-03 4.129838523711219615e-03 1.340354462208029618e-01 7.752197572753595500e-02 6.020494809143981350e-03 4.346673219191317383e-02 6.890791795624520155e-01 6.389392900759529280e-03 2.697530024354836964e-02 2.183606922627479019e-03
8.341463839709246280e-04 9.672886167203532601e-03 4.821387544976477035e-03 1.376220801443469310e-01 7.368453635882241115e-02 7.006240890484325551e-03 4.059863700937088593e-02 6.899229454793944782e-01 6.394541767538579682e-03 2.722440705477677247e-02 2.218191199135010564e-03
8.480274788677157755e-04 9.977537052248505733e-03 5.569131247047818568e-03 1.411853332322910437e-01 6.981711862394100743e-02 8.245558441754433435e-03 3.792123190154914059e-02 6.903221431611148429e-01 6.399451633881742679e-03 2.746260562451341078e-02 2.251861602767608796e-03
8.634837368824177821e-04 1.029050689003477292e-02 6.373124792674657660e-03 1.447180670415648407e-01 6.593430691080623407e-02 9.728891870706149470e-03 3.543416937530871613e-02 6.902793528447445093e-01 6.404182909595683079e-03 2.768937279368064233e-02 2.284540833970795035e-03
8.806483985623830097e-04 1.061203599935343737e-02 7.233317989059726005e-03 1.482133956678791942e-01 6.205065628845228554e-02 1.144630931230024642e-02 3.313663854318443791e-02 6.897978619481209828e-01 6.408797809651402277e-03 2.790418714620997512e-02 2.316150897226406779e-03
8.996592922946973709e-04 1.094237188215751305e-02 8.149554749301722925e-03 1.516647128800866218e-01 5.818063330728381888e-02 1.338753613376348142e-02 3.102737917385969130e-02 6.888816497788535775e-01 6.413359261988889337e-03 2.810653025133370841e-02 2.346613289039170634e-03
9.206587349481161258e-04 1.128176930214444887e-02 9.121572819907322258e-03 1.550657176945616222e-01 5.433855778848129675e-02 1.554198900312538621e-02 2.910469665991866073e-02 6.875353710327442025e-01 6.417929807197885091e-03 2.829588795909622825e-02 2.375849197838827542e-03
9.437934168523309277e-04 1.163049035644096035e-02 1.014900377528096809e-02 1.584104382753347695e-01 5.053854585931855797e-02 1.789881038487721454e-02 2.736647782919323507e-02 6.857643381404080474e-01 6.422570498598912866e-03 2.847175174783584187e-02 2.403779715837332104e-03
9.692142708252688213e-04 1.198880454008769206e-02 1.123137327911804054e-02 1.616932540547824093e-01 4.679445448225934279e-02 2.044690332657801007e-02 2.581020752586096756e-02 6.835745025245129058e-01 6.427339811152974446e-03 2.863362012195697082e-02 2.430326062842942236e-03
9.970763249875136316e-04 1.235698880317211493e-02 1.236810161195550997e-02 1.649089159794762671e-01 4.311982771518890756e-02 2.317496640116315648e-02 2.443298588861650411e-02 6.809724348275293382e-01 6.432292567679867568e-03 2.878100005821618984e-02 2.455409821999499694e-03
1.027538539143895042e-03 1.273532760034463973e-02 1.355850446311514593e-02 1.680525647960193492e-01 3.952784492883976153e-02 2.607152867127579890e-02 2.323154625380701582e-02 6.779653041710196337e-01 6.437478890693195364e-03 2.891340849837038818e-02 2.478953187374592724e-03
1.060763624544724471e-03 1.312411293257584495e-02 1.480179398454358614e-02 1.711197473021402460e-01 3.603127119498216596e-02 2.912498454410541310e-02 2.220227361261380844e-02 6.745608565073578644e-01 6.442943188012125420e-03 2.903037388579050859e-02 2.500879223282642498e-03
1.096917846886816521e-03 1.352364438095788463e-02 1.609708010320761579e-02 1.741064304991948863e-01 3.264241004576211302e-02 3.232362838794602955e-02 2.134122355296562412e-02 6.707673921243821891e-01 6.448723180121485390e-03 2.913143774339325281e-02 2.521112135187522467e-03
1.136170812456026649e-03 1.393422913234936521e-02 1.744337208787144489e-02 1.770090135932449460e-01 2.937305879011131715e-02 3.565568878506350514e-02 2.064414161800903411e-02 6.665937423620477142e-01 6.454848976936062438e-03 2.921615628990056890e-02 2.539577551979548767e-03
1.178695237352869567e-03 1.435618199675899043e-02 1.883958036530737276e-02 1.798243378032665651e-01 2.623446655855233081e-02 3.910936229926272739e-02 2.010648301492827875e-02 6.620492456026085826e-01 6.461342211345387498e-03 2.928410209122270583e-02 2.556202819379186069e-03
1.224666699789352890e-03 1.478982541629005228e-02 2.028451858027873964e-02 1.825496939460745371e-01 2.323729523175476971e-02 4.267284664107157122e-02 1.972343260957212449e-02 6.571437225911039848e-01 6.468215236484441653e-03 2.933486574342154818e-02 2.570917304175014857e-03
1.274263375497682298e-03 1.523548946550990803e-02 2.177690589275816518e-02 1.851828277794167754e-01 2.039158339231171568e-02 4.633437311808560194e-02 1.948992514418191810e-02 6.518874511465211352e-01 6.475470393290062507e-03 2.936805758347514270e-02 2.583652708954239582e-03
6.479973266614769307e-04 2.867088488725856501e-03 7.935755967750450154e-03 5.247592347399519797e-02 1.133209542337406672e-01 1.554794751670036390e-01 2.226201718149451447e-01 4.224069994478323320e-01 5.859096227617302012e-03 1.548022240828215816e-02 9.063154434228036689e-04
6.549954254179102221e-04 2.985776961320216888e-03 7.346633994362717149e-03 5.298824210014177472e-02 1.158542465195308985e-01 1.463460733980825601e-01 2.166596212683901401e-01 4.345440169014073706e-01 5.848938413970702042e-03 1.583357859631878695e-02 9.378764210853235417e-04
6.616740747847819990e-04 3.107954088998649174e-03 6.767165920791093012e-03 5.364974712877684099e-02 1.181973039596030672e-01 1.374216532186464945e-01 2.106183081515842770e-01 4.465748422606080070e-01 5.841735599284118667e-03 1.618953699524554313e-02 9.700786016890723500e-04
6.680311002168365939e-04 3.233691547753495248e-03 6.199199414193012209e-03 5.446202676273961124e-02 1.203404881311392061e-01 1.287182857041146433e-01 2.045095777545701821e-01 4.584806164152009367e-01 5.837290965736699998e-03 1.654788244163905853e-02 1.002909762705553190e-03
6.740662575411879949e-04 3.363063267567849724e-03 5.644599830824464058e-03 5.542612911516453522e-02 1.222749878332028139e-01 1.202475587386475919e-01 1.983467352982380971e-01 4.702427100900672396e-01 5.835405362189642967e-03 1.690838824961425624e-02 1.036355956975778874e-03
6.797813705381485199e-04 3.496145572724744782e-03 5.105245970987138358e-03 5.654255725996229498e-02 1.239928551165637577e-01 1.120205452503179600e-01 1.921430078846432798e-01 4.818427654980355634e-01 5.835878586067634599e-03 1.727081603436618831e-02 1.070401455779136342e-03
6.851804700310938764e-04 3.633017325297872076e-03 4.583025730750331025e-03 5.781126676441069451e-02 1.254870374702556357e-01 1.040477731120440785e-01 1.859115073950353692e-01 4.932627368437473292e-01 5.838510642347738248e-03 1.763491555239296224e-02 1.105028693668172251e-03
6.902699341282665744e-04 3.773760071591920461e-03 4.079831662684494861e-03 5.923166571852223755e-02 1.267514060185737368e-01 9.633919681782650291e-02 1.796651944558509961e-01 5.044849295738573769e-01 5.843102971731711781e-03 1.800042455990454385e-02 1.140218215352288003e-03
6.950586292440098964e-04 3.918458191303578544e-03 3.597556458159851221e-03 6.080261726258720523e-02 1.277807796025424991e-01 8.890417103659296882e-02 1.734168435867599611e-01 5.154920382764891507e-01 5.849459640250137191e-03 1.836706869114187318e-02 1.175948624918514299e-03
6.995580515075542705e-04 4.067199049155113648e-03 3.138088364306360935e-03 6.252244460152987793e-02 1.285709446404042222e-01 8.175142613902489086e-02 1.671790096353930888e-01 5.262671831398400002e-01 5.857388482885534341e-03 1.873456135824396948e-02 1.212196537691830967e-03
7.037824681440377683e-04 4.220073148744836293e-03 2.703306548970298411e-03 6.438893848204639558e-02 1.291186706826567554e-01 7.488904578349810104e-02 1.609639955959171476e-01 5.367939448865639562e-01 5.866702194028398064e-03 1.910260367438685811e-02 1.248936535045352611e-03
7.077490584007741555e-04 4.377174288355083036e-03 2.295076427359321169e-03 6.639936709557517358e-02 1.294217215992637393e-01 6.832444663985594302e-02 1.547838219006617277e-01 5.470563981081082439e-01 5.877219358003951503e-03 1.947088440194507525e-02 1.286141122478684506e-03
7.114780535685490993e-04 4.538599718435988584e-03 1.915244964298187932e-03 6.855048835764418480e-02 1.294788623581059062e-01 6.206436032018248367e-02 1.486501972641783020e-01 5.570391429314605070e-01 5.888765413331935317e-03 1.983907992747704213e-02 1.323780691296711160e-03
7.149928756334713448e-04 4.704450300514429091e-03 1.565635966243060506e-03 7.083856450229816804e-02 1.292898613758831361e-01 5.611481757692278471e-02 1.425744911515990643e-01 5.667273349565942198e-01 5.901173544760906532e-03 2.020685426528091161e-02 1.361823484223139086e-03
7.183202740784342582e-04 4.874830667194731890e-03 1.248045377315967677e-03 7.325937891787877299e-02 1.288554884447999094e-01 5.048113481903433730e-02 1.365677079329907229e-01 5.761067134123274425e-01 5.914285497689645600e-03 2.057385909139641464e-02 1.400235565292009491e-03
7.214904603388653127e-04 5.049849383007807245e-03 9.642365937473121014e-04 7.580825513930652959e-02 1.281775082602345517e-01 4.516790298745686216e-02 1.306404627778674499e-01 5.851636274837848095e-01 5.927952310086155759e-03 2.093973380981424548e-02 1.438980794371836616e-03
7.245372393987381705e-04 5.229619105777212097e-03 7.159358111427921575e-04 7.848007790120065108e-02 1.272586695964319781e-01 4.017897882107368535e-02 1.248029593337971616e-01 5.938850607741165133e-01 5.942034957573867106e-03 2.130410565277369300e-02 1.478020806676587102e-03
7.274981380099017174e-04 5.414256748213327336e-03 5.048274189839243881e-04 8.126931614509892710e-02 1.261026901984432236e-01 3.551747853459125831e-02 1.190649692252066238e-01 6.022586538689120861e-01 5.956404907978521575e-03 2.166658981691988242e-02 1.517314997624568318e-03
7.304145289926954358e-04 5.603883639425035965e-03 3.325494567014836687e-04 8.417004786492511548e-02 1.247142374797117481e-01 3.118577391952967112e-02 1.134358133990755330e-01 6.102727249788588715e-01 5.970944582221799149e-03 2.202678963715000784e-02 1.556820513413158984e-03
7.333317510768021415e-04 5.798625686036822796e-03 2.006891455400439540e-04 8.717598666499218329e-02 1.230989051349160451e-01 2.718549086965009812e-02 1.079243453363881167e-01 6.179162886446970537e-01 5.985547719101268031e-03 2.238429679991671417e-02 1.596492247673831450e-03
7.362992237265372341e-04 5.998613532583244728e-03 1.107785102803470590e-04 9.028050989682367966e-02 1.212631857975591948e-01 2.351751032197495206e-02 1.025389361390635495e-01 6.251790724934597199e-01 6.000119642195251776e-03 2.273869159775322724e-02 1.636282844584545284e-03
7.393705563856557998e-04 6.203982720897632634e-03 6.429010462602938029e-05 9.347668823297844432e-02 1.192144398901281571e-01 2.018197159457443823e-02 9.728746149463445014e-02 6.320515320425285077e-01 6.014577427731452805e-03 2.308954322672062895e-02 1.676142708800476252e-03
7.426036515772272773e-04 6.414873848120666334e-03 6.263285381256160594e-05 9.675731652918138914e-02 1.169608608335796635e-01 1.717827809259176580e-02 9.217729051290431130e-02 6.385248635541824758e-01 6.028849973024061684e-03 2.343641012841792340e-02 1.716020022580335347e-03
7.460608012801542028e-04 6.631432723058814684e-03 1.071480276562983785e-04 1.001149458199202397e-01 1.145114367990585080e-01 1.450510534410660510e-02 8.721527642143499237e-02 6.445910149490585717e-01 6.042877965715787170e-03 2.377884037822160929e-02 1.755860770473674374e-03
7.498087760114337426e-04 6.853810520544067163e-03 1.991053568887255344e-04 1.035419162873515708e-01 1.118759092009101452e-01 1.216041131824951993e-02 8.240774909956577465e-02 6.502426947925722400e-01 6.056613754773816985e-03 2.411637212118177345e-02 1.795608771932069234e-03
7.539189060320280631e-04 7.082163933462995095e-03 3.396993051900063518e-04 1.070303910388310520e-01 1.090647281454395767e-01 1.014144896856357045e-02 7.776050942374264363e-02 6.554733793745154413e-01 6.070021124886332275e-03 2.444853405711801958e-02 1.835205722203637514e-03
7.584671541019484065e-04 7.316655322161668903e-03 5.300455088731886345e-04 1.105723905250689532e-01 1.060890050622907838e-01 8.444780935881517070e-03 7.327882539130274597e-02 6.602773179056894426e-01 6.083074976527071825e-03 2.477484597622340093e-02 1.874591241865172743e-03
7.635341792098052647e-04 7.557452860878748589e-03 7.711773956489021559e-04 1.141598274278694952e-01 1.029604627586718224e-01 7.066296336578303111e-03 6.896742998304986050e-02 6.646495358616504312e-01 6.095760914690346449e-03 2.509481934643801454e-02 1.913702935334443125e-03
7.692053907075606161e-04 7.804730680892369571e-03 1.064042993340817440e-03 1.177845418453195708e-01 9.969138314684060365e-02 6.001229553709006015e-03 6.483052072030565105e-02 6.685858365065678877e-01 6.108074749849775817e-03 2.540795795374177490e-02 1.952476458694891179e-03
7.755709922847796832e-04 8.058669010079805989e-03 1.409501938840967711e-03 1.214383366008135595e-01 9.629455290516351906e-02 5.244180941166706397e-03 6.087176086672750619e-02 6.720828006359351736e-01 6.120021915416019691e-03 2.571375859637331507e-02 1.990845597162201833e-03
7.827260152284883652e-04 8.319454308555325819e-03 1.808322696933309685e-03 1.251130125031375551e-01 9.278320734074732568e-02 4.789139343661146832e-03 5.709428222075550036e-02 6.751377845782100540e-01 6.131616806424509958e-03 2.601171183384520455e-02 2.028742352496158610e-03
7.907703404261136153e-04 8.587279400071663044e-03 2.261179997961734831e-03 1.288004033852814534e-01 8.917097272865469326e-02 4.629506328689405800e-03 5.350068944059441223e-02 6.777489165012935413e-01 6.142882044875050407e-03 2.630130279151317307e-02 2.066097040654026398e-03
7.998087085736771060e-04 8.862343598916794588e-03 2.768652502630811023e-03 1.324924107522087724e-01 8.547180740732952808e-02 4.758122020593328304e-03 5.009306584002284901e-02 6.799150910709534923e-01 6.153847677564832849e-03 2.658201202123069637e-02 2.102838399964949284e-03
8.099507180769883151e-04 9.144852831943339061e-03 3.331220701459916382e-03 1.361810378702034419e-01 8.169994191390929361e-02 5.167292421149011043e-03 4.687298059011502094e-02 6.816359625117539567e-01 6.164550312781178106e-03 2.685331641851654641e-02 2.138893710081428770e-03
8.213108101417465568e-04 9.435019755498453078e-03 3.949265055682088695e-03 1.398584231343799056e-01 7.786981844473760128e-02 5.848818096338517444e-03 4.384149725941665493e-02 6.829119361227315999e-01 6.175032202641446595e-03 2.711469019643662770e-02 2.174188921948690210e-03
8.340082405730008799e-04 9.733063866904511849e-03 4.623064385605417902e-03 1.435168725556683345e-01 7.399602992711487581e-02 6.794024104433000512e-03 4.099918362297948204e-02 6.837441583031960146e-01 6.185340278276536471e-03 2.736560591621421679e-02 2.208648799004165469e-03
8.481670378189346557e-04 1.003921161025337315e-02 5.352794511617127264e-03 1.471488912135308358e-01 7.009325898749521611e-02 7.993791036919217774e-03 3.834612266865206759e-02 6.841345051441141134e-01 6.195525145365731942e-03 2.760553557441891570e-02 2.242197069802199638e-03
8.639159468257771087e-04 1.035369647621037399e-02 6.138527152258321795e-03 1.507472135273145719e-01 6.617621709856093271e-02 9.438587040740993930e-03 3.588192472806817079e-02 6.840855696437075917e-01 6.205640047829391603e-03 2.783395174627746604e-02 2.274756592223313532e-03
8.813883582874704236e-04 1.067675909557149611e-02 6.980229082862247567e-03 1.543048322058290511e-01 6.225958418414871687e-02 1.111850068784122486e-02 3.360574065831598012e-02 6.836006476053914094e-01 6.215739807756041381e-03 2.805032878454071649e-02 2.306249529408466951e-03
9.007222229077499432e-04 1.100864732630750867e-02 7.877761557580707785e-03 1.578150257421516156e-01 5.835794895544311328e-02 1.302327455635304831e-02 3.151627600039525606e-02 6.826837222784762904e-01 6.225879749757239068e-03 2.825414407303900727e-02 2.336597537524376725e-03
9.220599503159841379e-04 1.134961633384311795e-02 8.830879996517238331e-03 1.612713843293253624e-01 5.448575024521071924e-02 1.514233938656458361e-02 2.961180603954827878e-02 6.813394478012834155e-01 6.236114618123639146e-03 2.844487933377025726e-02 2.365721965424217449e-03
9.455482923148342787e-04 1.169992866432727034e-02 9.839233939157905270e-03 1.646678340810256436e-01 5.065721959908334876e-02 1.746484867456290363e-02 2.789019169362055156e-02 6.795731315082322865e-01 6.246497495165032401e-03 2.862202198625666758e-02 2.393544066261384887e-03
9.713382101688577703e-04 1.205985431068422840e-02 1.090236726409176890e-02 1.679986594507778541e-01 4.688632537360283570e-02 1.997971356642467416e-02 2.634889615512343852e-02 6.773907151613934863e-01 6.257078729221398662e-03 2.878506655747165022e-02 2.419985221035473276e-03
9.995847256760790993e-04 1.242967077118155642e-02 1.201971867450483608e-02 1.712585237534649807e-01 4.318671858035280642e-02 2.267563791706225795e-02 2.498500221424349715e-02 6.747987551683073404e-01 6.267904880637844255e-03 2.893351614053841364e-02 2.444967174062734859e-03
1.030446755809110142e-03 1.280966310033633711e-02 1.319062244776496480e-02 1.744424877023209031e-01 3.957168070403045690e-02 2.554115337898568705e-02 2.379523019043439450e-02 6.718044018460267441e-01 6.279017694013205864e-03 2.906688389999576017e-02 2.468412280271596853e-03
1.064086930742332709e-03 1.320012395196353341e-02 1.441430944686478317e-02 1.775460258863252871e-01 3.605407370999617889e-02 2.856465438861780642e-02 2.277595640169617630e-02 6.684153777934869201e-01 6.290453104828529207e-03 2.918469462121159319e-02 2.490243764230938139e-03
1.100671395130886025e-03 1.360135361414591820e-02 1.568990839042650604e-02 1.805650411228348906e-01 3.264629244302538758e-02 3.173443292051621178e-02 2.192323210219718904e-02 6.646399554314480485e-01 6.302240288281218093e-03 2.928648630126726507e-02 2.510385990735516590e-03
1.140369592543653485e-03 1.401366003598465693e-02 1.701644737739105642e-02 1.834958766321848622e-01 2.936021960519668086e-02 3.503871288305243636e-02 2.123280282019561482e-02 6.604869337704029064e-01 6.314400757967667324e-03 2.937181177829725071e-02 2.528764746756447229e-03
1.183354033002114022e-03 1.443735884594871295e-02 1.839285566149008455e-02 1.863353259919675597e-01 2.620718348525894609e-02 3.846568403312718154e-02 2.070012803014056185e-02 6.559656144668619682e-01 6.326947521651458441e-03 2.944024039601562254e-02 2.545307534512700719e-03
1.229800043615360749e-03 1.487277336168057323e-02 1.981796567005503565e-02 1.890806408402733452e-01 2.319791859662391834e-02 4.200353529171227396e-02 2.032040109481181647e-02 6.510857772249539765e-01 6.339884301024511365e-03 2.949135969988713954e-02 2.559943875354647128e-03
1.279885502357838841e-03 1.532023459111737408e-02 2.129051526079541942e-02 1.917295363086738702e-01 2.034252936436030043e-02 4.564048734707315536e-02 2.008856941496559023e-02 6.458576546035713628e-01 6.353204821903745032e-03 2.952477716103767483e-02 2.572605624132211135e-03
6.452514375525878094e-04 2.886329376310833167e-03 8.131906726903065027e-03 5.520425363041371603e-02 1.146671868021530427e-01 1.568850977414513459e-01 2.216853171456166782e-01 4.178737467527804395e-01 5.578319905548499019e-03 1.554109293394849434e-02 9.014975473616938578e-04
6.522058355793803122e-04 3.005883159958738522e-03 7.539207567606781048e-03 5.580477337018108913e-02 1.171920794605915694e-01 1.477140943031085285e-01 2.157596568801252446e-01 4.299351507653587090e-01 5.567332596800386377e-03 1.589668366913143602e-02 9.329323915319475205e-04
6.588440839416605981e-04 3.128946427819926691e-03 6.955739272170400646e-03 5.655609945296233287e-02 1.195250178156274240e-01 1.387506633777132181e-01 2.097541951768369106e-01 4.418911094191597666e-01 5.559467922657269391e-03 1.625491007757896497e-02 9.650069734815313032e-04
6.651643111414192594e-04 3.255590779160543857e-03 6.383341307693195417e-03 5.745974075057220382e-02 1.216563551944970928e-01 1.300069563777358772e-01 2.036822210741761618e-01 4.537228334922456252e-01 5.554532223043021598e-03 1.661555536391806642e-02 9.977091258334875624e-04
6.711665851657294072e-04 3.385890053207478260e-03 5.823871440328107739e-03 5.851665965297539462e-02 1.235772781332731413e-01 1.214946435490066312e-01 1.975569806241601611e-01 4.654117646179711798e-01 5.552329287994082520e-03 1.697839109604565994e-02 1.031024959869797537e-03
6.768530507718596365e-04 3.519920470278210204e-03 5.279201520166320466e-03 5.972726721602538563e-02 1.252798425587400843e-01 1.132248819244388860e-01 1.913916389556008790e-01 4.769396168392287527e-01 5.552661628586639739e-03 1.734317702758352356e-02 1.064938808639888856e-03
6.822280682370480661e-04 3.657760776167095357e-03 4.751213161484286671e-03 6.109142081592146972e-02 1.267570061027031292e-01 1.052082849401225068e-01 1.851992432981034720e-01 4.882884170030762361e-01 5.555331725204307354e-03 1.770966093719189907e-02 1.099433171831621769e-03
6.872983532215619492e-04 3.799492389558482060e-03 4.241793330478797752e-03 6.260842432498368859e-02 1.280026564017935353e-01 9.745489382531292988e-02 1.789926870877467935e-01 4.994405438926302621e-01 5.560143245259551413e-03 1.807757848634650513e-02 1.134488662690119479e-03
6.920731173657844893e-04 3.945199552238030406e-03 3.752829852930557406e-03 6.427703080981506112e-02 1.290116352556213430e-01 8.997415086980362076e-02 1.727846752670391395e-01 5.103787659979910352e-01 5.566902222681117778e-03 1.844665309724318955e-02 1.170083957266686422e-03
6.965642092310326671e-04 4.094969481846532679e-03 3.286206854783300848e-03 6.609544774051712146e-02 1.297797585369891704e-01 8.277487466487477852e-02 1.665876908839825921e-01 5.210862778372277182e-01 5.575418191744469648e-03 1.881659585249965613e-02 1.206195746306451067e-03
7.007862551692734150e-04 4.248892526926390315e-03 2.843800148863199605e-03 6.806134468619631783e-02 1.303038317694766024e-01 7.586523740568112961e-02 1.604139630869245159e-01 5.315467347440985257e-01 5.585505268167065968e-03 1.918710541841835496e-02 1.242798690079237062e-03
7.047567996911678449e-04 4.407062323993881855e-03 2.427472581320778804e-03 7.017186345953986548e-02 1.305816613090292344e-01 6.925274433478124936e-02 1.542754366033588231e-01 5.417442860475045752e-01 5.596983170738407606e-03 1.955786799355129293e-02 1.279865376476409114e-03
7.084964448807186095e-04 4.569575956367854901e-03 2.039069351646581769e-03 7.242363066036192065e-02 1.306120610885637412e-01 6.294421539720088110e-02 1.481837427817453701e-01 5.516636065750241125e-01 5.609678177134744259e-03 1.992855728436582208e-02 1.317366282703129506e-03
7.120289883958453876e-04 4.736534114471985420e-03 1.680413320280886190e-03 7.481277255588378305e-02 1.303948549064368745e-01 5.694576916843736153e-02 1.421501722673787216e-01 5.612899264198624172e-01 5.623424008106614469e-03 2.029883450982018084e-02 1.355269740897997776e-03
7.153815595672851540e-04 4.908041257314448534e-03 1.353300318055729312e-03 7.733493222352824659e-02 1.299308742621027857e-01 5.126280910756949444e-02 1.361856493731330719e-01 5.706090589193952844e-01 5.638062634608626174e-03 2.066834843668757804e-02 1.393541908029931938e-03
7.185847531040714855e-04 5.084205774865309564e-03 1.059494471725412439e-03 7.998528887029952850e-02 1.292219517641044479e-01 4.590001217731547178e-02 1.303007081984723370e-01 5.796074267991616624e-01 5.653445003064533868e-03 2.103673544743154752e-02 1.432146740418009916e-03
7.216727598918725416e-04 5.265140151021385252e-03 8.007235599840437654e-04 8.275857923185514498e-02 1.282709101577899913e-01 4.086131986365330870e-02 1.245054705397467126e-01 5.882720864457594567e-01 5.669431674514842368e-03 2.140361964251151841e-02 1.471045973236221032e-03
7.246834943604349129e-04 5.450961126846242538e-03 5.786744142976418164e-04 8.564912094377125085e-02 1.270815470411455206e-01 3.614993161716609921e-02 1.188096256267335699e-01 5.965907502775307236e-01 5.685893373913097557e-03 2.176861297890378757e-02 1.510199105356673085e-03
7.276587178868154822e-04 5.641789863794558803e-03 3.949883788532170068e-04 8.865083776771218171e-02 1.256586153589019372e-01 3.176830072830653939e-02 1.132224117115189221e-01 6.045518071898385859e-01 5.702711446554673512e-03 2.213131544670364492e-02 1.549563389903567011e-03
7.306441576860259321e-04 5.837752106580151694e-03 2.512568438170243324e-04 9.175728654547904428e-02 1.240077997848243047e-01 2.771813263879740336e-02 1.077525995271706727e-01 6.121443410600375667e-01 5.719778219224286309e-03 2.249131528553590872e-02 1.589093830884815133e-03
7.336896206376516657e-04 6.038978345381568365e-03 1.490168659186308776e-04 9.496168574603319756e-02 1.221356891226627883e-01 2.400038568088434798e-02 1.024084776248162382e-01 6.193581473004826643e-01 5.736997264280575479e-03 2.284818924260124604e-02 1.628743186265361846e-03
7.368491014811724563e-04 6.245603977073871209e-03 8.974689017222472792e-05 9.825694546191418577e-02 1.200497448746360440e-01 2.061527422656456512e-02 9.719783959091372882e-02 6.261837474596926301e-01 5.754283565640023329e-03 2.320150287403647399e-02 1.668461977861088533e-03
7.401808848172058367e-04 6.457769465124754173e-03 7.486258627866721805e-05 1.016356987051406091e-01 1.177582661448539902e-01 1.756227421872913474e-02 9.212797313679715883e-02 6.326124018723846554e-01 5.771563586218152533e-03 2.355081089124549942e-02 1.708198508414105702e-03
7.437476403375104525e-04 6.675620497887587226e-03 1.057128129268412333e-04 1.050903338459888425e-01 1.152703510620108757e-01 1.484013104642232725e-02 8.720565104736270612e-02 6.386361203698169842e-01 5.788775237157279402e-03 2.389565755386693566e-02 1.747898886224920388e-03
7.476165107097622331e-04 6.899308144898752548e-03 1.835757228591769518e-04 1.086130280329166697e-01 1.125958549219692739e-01 1.244686971703811221e-02 8.243712396649589824e-02 6.442476710647281335e-01 5.805867749798403199e-03 2.423557711085688737e-02 1.787507057697281876e-03
7.518591915411114348e-04 7.128989010903846041e-03 3.096550211388700486e-04 1.121957814272796922e-01 1.097453452653739669e-01 1.037980726890972739e-02 7.782811499163969082e-02 6.494405872318573802e-01 5.822801452053412777e-03 2.457009429114139984e-02 1.826964848161017913e-03
7.565520028435418791e-04 7.364825387251739547e-03 4.850763886020017352e-04 1.158304520829267492e-01 1.067300541194929897e-01 8.635567358821259407e-03 7.338381604280636017e-02 6.542091723091306710e-01 5.839547451501881509e-03 2.489872484527042365e-02 1.866212011320412178e-03
7.617759514273903399e-04 7.606985400352627921e-03 7.108840819735754487e-04 1.195087912982871065e-01 1.035618276456104214e-01 7.210096950443320440e-03 6.910888596599341904e-02 6.585485030507711723e-01 5.856087228203322829e-03 2.522097613923053594e-02 1.905186287675253529e-03
7.676167836571443212e-04 7.855643156857194595e-03 9.880377215738171768e-04 1.232224792666000990e-01 1.002530734444142535e-01 6.098685021461303611e-03 6.500745032500616916e-02 6.624544308657569491e-01 5.872412140812949440e-03 2.553634780162688037e-02 1.943823472245739597e-03
7.741650280026682708e-04 8.110978885248814815e-03 1.317409276967204451e-03 1.269631608490221497e-01 9.681670578115092463e-02 5.295983199470101661e-03 6.108310283119043615e-02 6.659235813815064242e-01 5.888522850275337318e-03 2.584433242522936325e-02 1.982057491925709545e-03
7.815160268388329171e-04 8.373179073510410991e-03 1.699780260252859972e-03 1.307224812962828331e-01 9.326608900086494347e-02 4.796028229444656774e-03 5.733890835591745616e-02 6.689533522744933736e-01 5.904428665846709126e-03 2.614441632376474089e-02 2.019820492775102269e-03
7.897699569435984255e-04 8.642436602572845655e-03 2.135839136082923195e-03 1.344921217443212913e-01 8.961497941030130421e-02 4.592266168816737729e-03 5.377740746653038306e-02 6.715419094133873168e-01 5.920146818840793176e-03 2.643608034465373680e-02 2.057042937539259580e-03
7.990318381695459904e-04 8.918950875217547883e-03 2.626178956748963320e-03 1.382638343126969260e-01 8.587746590840490690e-02 4.677578200045032567e-03 5.040062242332300074e-02 6.736881813634839622e-01 5.935701669964469143e-03 2.671880073830198293e-02 2.093653713682417424e-03
8.094115297711666117e-04 9.202927940115025393e-03 3.171295230000118100e-03 1.420294766363910111e-01 8.206790965085454526e-02 5.044307944895922401e-03 4.721006457150898894e-02 6.753918523033706212e-01 5.951123856592369088e-03 2.699205008428750413e-02 2.129580252184367847e-03
8.210237138898510319e-04 9.494580610728640263e-03 3.771584026484390770e-03 1.457810456661219889e-01 7.820088303629109394e-02 5.684290159634222336e-03 4.420674306013502169e-02 6.766533534079473000e-01 5.966449386743660072e-03 2.725529827469429234e-02 2.164748657342441523e-03
8.339878657175943009e-04 9.794128578751610040e-03 4.427340332927149485e-03 1.495107105763206490e-01 7.429110830219810835e-02 6.588880685917671703e-03 4.139117481716855784e-02 6.774738527517056852e-01 5.981718686937524676e-03 2.750801355457809655e-02 2.199083847795981102e-03
8.484282098804345673e-04 1.010179852181277219e-02 5.138756656407817390e-03 1.532108446258344248e-01 7.035339601790886743e-02 7.748987528399435901e-03 3.876339570885511260e-02 6.778552437911816719e-01 5.996975611423072637e-03 2.774966361935876993e-02 2.232509708959550931e-03
8.644736626066425568e-04 1.041782420515488354e-02 5.905921884231338931e-03 1.568740558224438753e-01 6.640258375923034639e-02 9.155102926915138425e-03 3.632297280967197728e-02 6.778001324833569097e-01 6.012266420553527384e-03 2.797971676877124975e-02 2.264949257030954288e-03
8.822577592719671371e-04 1.074244657701296617e-02 6.728820403093740618e-03 1.604932162490285696e-01 6.245347524576924658e-02 1.079733628870020029e-02 3.406901770870498364e-02 6.773118231007406731e-01 6.027638736330801980e-03 2.819764311666767692e-02 2.296324814710577842e-03
9.019185669385768479e-04 1.107591385743314505e-02 7.607331480441041280e-03 1.640614899173187813e-01 5.852078021640251537e-02 1.266544784418991570e-02 3.200020077758607140e-02 6.763943028017798120e-01 6.043140483283816408e-03 2.840291585585719841e-02 2.326558198738734942e-03
9.235985815351720977e-04 1.141848162025392577e-02 8.541228909992957391e-03 1.675723590230850935e-01 5.461905531206061315e-02 1.474888288897216806e-02 3.011476632501674383e-02 6.750522250199153529e-01 6.058818822998458115e-03 2.859501257683634556e-02 2.355570919317769886e-03
9.474446093590996147e-04 1.177041286803945201e-02 9.530180922650028502e-03 1.710196484857404442e-01 5.076264622636124380e-02 1.703680647381585964e-02 2.841054856332810019e-02 6.732908917294966322e-01 6.074719090670066199e-03 2.877341663901885477e-02 2.383284391469594424e-03
9.736076326140474411e-04 1.213197809965855037e-02 1.057375036307372715e-02 1.743975486646707485e-01 4.696563137622650208e-02 1.951813840505267628e-02 2.688498831269969108e-02 6.711162346527971279e-01 6.090883742002861992e-03 2.893761859285410090e-02 2.409620158318804585e-03
