2.237608468803280504e-05 1.198963063985801188e-03 7.884712363709311250e-03 8.916435578785655153e-03 1.377194232675750356e-02 4.900210721424976823e-01 4.122559551593015792e-01 6.375410398601363826e-02 2.170888658885314956e-03 3.410062278086623871e-06 1.405731261316522710e-07
2.297100050737033064e-05 1.223938930635240898e-03 8.086127731156004042e-03 8.877610394919488793e-03 1.013253400909069207e-02 4.509756625504811600e-01 4.540593541154144264e-01 6.436062902335595859e-02 2.257268758859323245e-03 3.757562137312746595e-06 1.459234809084852371e-07
2.357529333506126876e-05 1.249165493805952940e-03 8.293054020314319028e-03 8.859754025395742000e-03 7.508377792203726336e-03 4.118552021075784775e-01 4.950248664563642320e-01 6.483621301009431792e-02 2.345511518971762910e-03 4.128801634506845845e-06 1.514802642346027504e-07
2.418890829834477715e-05 1.274638196184080729e-03 8.505752897970373511e-03 8.860890126320890986e-03 5.736416200019350299e-03 3.734210026083848999e-01 5.345605140237437158e-01 6.517641621033867794e-02 2.435499020756667909e-03 4.524554141940041651e-06 1.572538271539352887e-07
2.481178327641957193e-05 1.300352011344921808e-03 8.724487089795087552e-03 8.878246609902948686e-03 4.651981915553107631e-03 3.364256053410799585e-01 5.720840994039441130e-01 6.537819917851289686e-02 2.527107831842794524e-03 4.945579713783004161e-06 1.632550553025263166e-07
2.544384897813041832e-05 1.326301420300497530e-03 8.949518338455296831e-03 8.908351647689303349e-03 4.093709884129877012e-03 3.015967457497362170e-01 6.070340777264298104e-01 6.544007866534651274e-02 2.620210597273965516e-03 5.392626311887272187e-06 1.694953797281535358e-07
2.608502906246282631e-05 1.352480391209715319e-03 9.181105295660412988e-03 8.947150296853190535e-03 3.908391766005660586e-03 2.696216136000595398e-01 6.388801854692893745e-01 6.536226796835599429e-02 2.714677765030467770e-03 5.866431709592522418e-06 1.759867875031256802e-07
2.673524030376636453e-05 1.378882362752289906e-03 9.419501357979658332e-03 8.990138549333191731e-03 3.955649573959310085e-03 2.411317668536918368e-01 6.671335987870983253e-01 6.514679738003884002e-02 2.810379426876472540e-03 6.367726100283834234e-06 1.827418323441754886e-07
2.739439280300459947e-05 1.405500231635491452e-03 9.664952455799055708e-03 9.032511076730240229e-03 4.112306999059083326e-03 2.166890492989065331e-01 6.913564007554270363e-01 6.479761052721703940e-02 2.907187253349697003e-03 6.897235429837501591e-06 1.897736454873194406e-07
2.806239024609879582e-05 1.432326344688757613e-03 9.917694804506722861e-03 9.069318510729056093e-03 4.276341692436076702e-03 1.967728453531140675e-01 7.111701489740390736e-01 6.432063264908269296e-02 3.004976499796864833e-03 7.455685464276949529e-06 1.970959470988724087e-07
2.873913020977795449e-05 1.459352495960057660e-03 1.017795262685028922e-02 9.095629774248794458e-03 4.370309590645504033e-03 1.817689805714099993e-01 7.262633519900472123e-01 6.372380723211369669e-02 3.103628058875574757e-03 8.043806595439022535e-06 2.047230585391614566e-07
2.942450451475929658e-05 1.486569929186536609e-03 1.044593585564216297e-02 9.106694773559437239e-03 4.344143125873109641e-03 1.719605436986622604e-01 7.363976846674051835e-01 6.301709790185923421e-02 3.203030533934470795e-03 8.662339379093407266e-06 2.126699158259673641e-07
3.011839962565391720e-05 1.513969345965041329e-03 1.072183782645643770e-02 9.098102685182758026e-03 4.177238648556231941e-03 1.675208662333688148e-01 7.414127984999436816e-01 6.221245306082353460e-02 3.303082307191212291e-03 9.312040791334789144e-06 2.209520846753816601e-07
3.082069709620474142e-05 1.541540919895692486e-03 1.100583297087614001e-02 9.065931128245411849e-03 3.879764331457872823e-03 1.685088492605745780e-01 7.412296123900657951e-01 6.132373144816656574e-02 3.403693576682016980e-03 9.993691180648762342e-06 2.295857775237499457e-07
3.153127405792405301e-05 1.569274316906531025e-03 1.129807452209124694e-02 9.006881704950321643e-03 3.493137873757434786e-03 1.748667757668302958e-01 7.358520019457017725e-01 6.036658756942506199e-02 3.504788336516830027e-03 1.070810188480579650e-05 2.385878729596612020e-07
3.225000374943150179e-05 1.597158721904160580e-03 1.159869224632846876e-02 8.918397716219418625e-03 3.089643069582089646e-03 1.864206909338366747e-01 7.253668401451949244e-01 5.935831678761354507e-02 3.606306276090823475e-03 1.145612347357097243e-05 2.479759380136902328e-07
3.297675608322007777e-05 1.625182871821413211e-03 1.190779021563874440e-02 8.798760310877751581e-03 2.771175283784765072e-03 2.028833743050362792e-01 7.099423784945065874e-01 5.831766076389410108e-02 3.708204575521623515e-03 1.223865457088467126e-05 2.577682537703161942e-07
3.371139824586218039e-05 1.653335095062762484e-03 1.222544463997805864e-02 8.647159894365485933e-03 2.667127580834726709e-03 2.238598676166414225e-01 6.898249946965637758e-01 5.726457486658233231e-02 3.810459576657875946e-03 1.305665120300045061e-05 2.679838447740810858e-07
3.445379532694413144e-05 1.681603357262030120e-03 1.255170177927810403e-02 8.463740294466835443e-03 2.931451143202211656e-03 2.488554619236488241e-01 6.653343695055022877e-01 5.621996011067071503e-02 3.913068311504203090e-03 1.391113661253443367e-05 2.786425127101189840e-07
3.520381097148593015e-05 1.709975313189231573e-03 1.288657595903421743e-02 8.249613939164634341e-03 3.738945139113698454e-03 2.772859889049261728e-01 6.368571909618859772e-01 5.520536312266871581e-02 4.016049872763200086e-03 1.480321147262856801e-05 2.897648748353151138e-07
3.596130804992446678e-05 1.738438364561227696e-03 1.323004771622740376e-02 8.006847126963916039e-03 5.280851799670537722e-03 3.084902053617331052e-01 6.048395177468623984e-01 5.424264852475923354e-02 4.119446614316350092e-03 1.573406443034216381e-05 3.013724076282636609e-07
3.672614933921279005e-05 1.766979723424753814e-03 1.358206210529783534e-02 7.738415340037642365e-03 7.759851597189068931e-03 3.417440083409116758e-01 5.697779641267520789e-01 5.335364897386345173e-02 4.223325172771958194e-03 1.670498290376246482e-05 3.134874961116662122e-07
3.749819820802423851e-05 1.795586480693345212e-03 1.394252719716222548e-02 7.448129442048857969e-03 1.138457056306254808e-02 3.762761723444795203e-01 5.322098961205723455e-01 5.255979885158730547e-02 4.327777304633757122e-03 1.771736405398076497e-05 3.261334892780635787e-07
3.827731929868090582e-05 1.824245679338491657e-03 1.431131280685208652e-02 7.140534490159460360e-03 1.636372646725595473e-02 4.112852609396971948e-01 4.927028514410967674e-01 5.188175825868460156e-02 4.432920537004756550e-03 1.877272584962479598e-05 3.393347620195106341e-07
3.906337919804947473e-05 1.852944391659371850e-03 1.468824948803556033e-02 6.820783749063796635e-03 2.290005238142995073e-02 4.459573338084893424e-01 4.518434138330749694e-01 5.133903450101233445e-02 4.538898633081412358e-03 1.987271813995013735e-05 3.531167839233488209e-07
3.985624708935712573e-05 1.881669799965305029e-03 1.507312783445253004e-02 6.494491298378608085e-03 3.118414470643875863e-02 4.794840477406747126e-01 4.102257852109482128e-01 5.094960864548125218e-02 4.645881876735768329e-03 2.101913365062033892e-05 3.675061952514351673e-07
4.065579537667155121e-05 1.910409279938856666e-03 1.546569812956391683e-02 6.167567348903593184e-03 4.138838778568053323e-02 5.110807369493483021e-01 3.684403061200802187e-01 5.072957495813986556e-02 4.754067183268406369e-03 2.221391881529658795e-05 3.825308903675073967e-07
4.146190027385235555e-05 1.939150485878340545e-03 1.586567038630725193e-02 5.846041005332779962e-03 5.366110855439898408e-02 5.400040547967266402e-01 3.270621763207108290e-01 5.069280110006228746e-02 4.863678045808086242e-03 2.345918435609314250e-05 3.982201088130237767e-07
4.227444234967660469e-05 1.967881436947911764e-03 1.627271481812140805e-02 5.535875712088992803e-03 6.812111219151814612e-02 5.655687657649128841e-01 2.866406226430475157e-01 5.085061684221356404e-02 4.974964328724168668e-03 2.475721552606930222e-05 4.146045341710148432e-07
4.309330702109781742e-05 1.996590603510575192e-03 1.668646278102908428e-02 5.242782977927869410e-03 8.485274344190085749e-02 5.871632932248709302e-01 2.476887507818820444e-01 5.121153876276644118e-02 5.088201920766543401e-03 2.611048192733812318e-05 4.317164007762003674e-07
4.391838498691265840e-05 2.025266992573679457e-03 1.710650822365356039e-02 4.972040179288934880e-03 1.039016082562740084e-01 6.042636549486829489e-01 2.106743016059873796e-01 5.178103791064267436e-02 5.203692261443100889e-03 2.752164682026977583e-05 4.495896082539690635e-07
4.474957259450811179e-05 2.053900231325325645e-03 1.753240967813951556e-02 4.728318282497485057e-03 1.252710768464091462e-01 6.164454538130633710e-01 1.760115112254455882e-01 5.256135676064473128e-02 5.321761754223996131e-03 2.899357583978066265e-05 4.682598437842833156e-07
4.558677213281423629e-05 2.082480647716010002e-03 1.796369281953034969e-02 4.515525194901203083e-03 1.489196724597525445e-01 6.233936349720832215e-01 1.440542479856201374e-01 5.355138095879083404e-02 5.442761079701249026e-03 3.052934503754098372e-05 4.877647118971966846e-07
4.642989204562407332e-05 2.110999347021597777e-03 1.839985361463972874e-02 4.336670154395411321e-03 1.747594305146922267e-01 6.249097719288125852e-01 1.150905693614120706e-01 5.474657037435459728e-02 5.567064420627457384e-03 3.213224817076324662e-05 5.081438715177277752e-07
4.727884705971124944e-05 2.139448283294916563e-03 1.884036207338264657e-02 4.193754099100161295e-03 2.026552906558157785e-01 6.209167012029670474e-01 8.933880813150207878e-02 5.613895285551564335e-02 5.695068609046102792e-03 3.380580316088223521e-05 5.294391798759932100e-07
4.813355822373525001e-05 2.167820324638889112e-03 1.928466660648602352e-02 4.087690333565032960e-03 2.324255603128137782e-01 6.114603873206959639e-01 6.694526103683964835e-02 5.771718285091270717e-02 5.827192203346628734e-03 3.555375764864429275e-05 5.516948428167947980e-07
4.899395285447813057e-05 2.196109311223197729e-03 1.973219898309733211e-02 4.018259037878856021e-03 2.638434630491388599e-01 5.967089651352918134e-01 4.798351524443034144e-02 5.946666573464761546e-02 5.963874500282372038e-03 3.738009357536799249e-05 5.749575709358826083e-07
4.985996438843217434e-05 2.224310105005379134e-03 2.018237987050184104e-02 3.984098269938394707e-03 2.966397589906931143e-01 5.769489734460049313e-01 3.245540927639549433e-02 6.136974728574562388e-02 6.105574483798694579e-03 3.928903072419626802e-05 5.992767408914218510e-07
5.073153213791272668e-05 2.252418630148740868e-03 2.063462492609459409e-02 3.982733110659211415e-03 3.305063985708601160e-01 5.525788608630516352e-01 2.029358656826277946e-02 6.340596635614340060e-02 6.252769708957152568e-03 4.128502915942243722e-05 6.247045611466703758e-07
5.160860095224793000e-05 2.280431903175773184e-03 2.108835139881340762e-02 4.010643522993670440e-03 3.651011453707675991e-01 5.240999102186177927e-01 1.136556243658777728e-02 6.555236734574855506e-02 6.405955115618195209e-03 4.337279050731178138e-05 6.512962413213761966e-07
5.249112078595375818e-05 2.308348051972695242e-03 2.154298518433222717e-02 4.063370366658867507e-03 4.000530796212585782e-01 4.921047899209019527e-01 5.479189880831188131e-03 6.778386772220371115e-02 6.565641762815253336e-03 4.555725802739531908e-05 6.791101642592461963e-07
5.337904617744152792e-05 2.336166322814334922e-03 2.199796826488487067e-02 4.135657862174034471e-03 4.349688715805010153e-01 4.572639979304042868e-01 2.389377187666025769e-03 7.007367451071801201e-02 6.732355471193201407e-03 4.784361543002268091e-05 7.082080598539823895e-07
5.427233564310871607e-05 2.363887074693527251e-03 2.245276645174979283e-02 4.221629662356541322e-03 4.694396940950815722e-01 4.203105150712176941e-01 1.805881544661419114e-03 7.239374246746037300e-02 6.906635357580632149e-03 5.023728440382494017e-05 7.386551796303219565e-07
5.517095099333694418e-05 2.391511760321658742e-03 2.290687733576203533e-02 4.314994599179640747e-03 5.030486267140260592e-01 3.820230278775363364e-01 3.401978508108963271e-03 7.471526556996896384e-02 7.089032242859884432e-03 5.274392082504897588e-05 7.705204710291368827e-07
5.607485657833064413e-05 2.419042893291237575e-03 2.335983833975531845e-02 4.409277160953998902e-03 5.353783902028244057e-01 3.432081160078427895e-01 6.823787802004913430e-03 7.700919253833694855e-02 7.280106912012709007e-03 5.536940963115382410e-05 8.038767503392706682e-07
5.698401847325496435e-05 2.446484001017221969e-03 2.381123475627453662e-02 4.498066850181735125e-03 5.660192405772002111e-01 3.046818245479445131e-01 1.170002201949336268e-02 7.924675636657572964e-02 7.480428203656078016e-03 5.811985835225085933e-05 8.388008731919502760e-07
5.789840361359067651e-05 2.473839563209738641e-03 2.426070764492035264e-02 4.575279804092920524e-03 5.945768461092935109e-01 2.672510566042804458e-01 1.765191668534501351e-02 8.140000731640943676e-02 7.690570905566076858e-03 6.100158930667808933e-05 8.753739015655307576e-07
5.881797889281313135e-05 2.501114935782099841e-03 2.470796145667922966e-02 4.635425453878184478e-03 6.206799693386623185e-01 2.316952260659055907e-01 2.430309800285876051e-02 8.344233852258227391e-02 7.911113432954577571e-03 6.402113048100972065e-05 9.136812662600495435e-07
5.974271023587256056e-05 2.528316260255931459e-03 2.515277124741850667e-02 4.673870575912106307e-03 6.439877790013485148e-01 1.987486041443031759e-01 3.128914848370185908e-02 8.534899329128506351e-02 8.142635267496589613e-03 6.718520513129285334e-05 9.538129238638828192e-07
6.067256166305698363e-05 2.555450358892955628e-03 2.559498934014126093e-02 4.687092866187284566e-03 6.641966239477933298e-01 1.690837764289215006e-01 3.826664042706685170e-02 8.709754334823448241e-02 8.385714137404604029e-03 7.050072015815035046e-05 9.958635072996854858e-07
6.160749435958180287e-05 2.582524615950992138e-03 2.603455129536754245e-02 4.672916159387226556e-03 6.810461123899728131e-01 1.432966001180243087e-01 4.492142260757166217e-02 8.866832771116993361e-02 8.640922922390822242e-03 7.397475332855301463e-05 1.039932469124583437e-06
2.108317668313367728e-05 1.181401925855928275e-03 8.020008217384263713e-03 9.258674395235500301e-03 1.524768669402995838e-02 5.000271410167473896e-01 3.953400474681418308e-01 6.892610305056628972e-02 1.974240221559366276e-03 3.473657259100427562e-06 1.401765364766554656e-07
2.163584178197071613e-05 1.205675824625274117e-03 8.228662452015384626e-03 9.253631905216020206e-03 1.163917806645792426e-02 4.606099966971949344e-01 4.371133439588068548e-01 6.987018750502251019e-02 2.053711668721572205e-03 3.830768809162314023e-06 1.453113436103474011e-07
2.219693953203747175e-05 1.230175987609091965e-03 8.442535282074644168e-03 9.270364507163812370e-03 9.045188096743893291e-03 4.209762508797306735e-01 4.782041772353470277e-01 7.066951226325426938e-02 2.135235230115881729e-03 4.212948868038703223e-06 1.506295182302753479e-07
2.276640919874206519e-05 1.254896058475105103e-03 8.661811927908243461e-03 9.306122159020210199e-03 7.302224726034103018e-03 3.818944070792154588e-01 5.180173031059555067e-01 7.131695761938589007e-02 2.218733664241574147e-03 4.621110425555238268e-06 1.561402072062211861e-07
2.334418375756411578e-05 1.279829163288468156e-03 8.886675101227462306e-03 9.357280580322606747e-03 6.244799257811765522e-03 3.441268745877482660e-01 5.559649850759267320e-01 7.180686906119532198e-02 2.304124975828764424e-03 5.056159782365918217e-06 1.618530983421887623e-07
2.393019006527321544e-05 1.304967901533782065e-03 9.117303322617795538e-03 9.419451721800767285e-03 5.710382958361720669e-03 3.084137350993811921e-01 5.914779745322115145e-01 7.213524369999912977e-02 2.391323798146335802e-03 5.518997391019320371e-06 1.677784342566145288e-07
2.452434907337235103e-05 1.330304341566640675e-03 9.353869238369011060e-03 9.487616745819577035e-03 5.544318551194639746e-03 2.754567504962500135e-01 6.240162878581247963e-01 7.229990107395305177e-02 2.480242899253807826e-03 6.010519335652609909e-06 1.739270255499294220e-07
2.512657608432447987e-05 1.355830020886457420e-03 9.596537947458603363e-03 9.556278068942854545e-03 5.604561725150477083e-03 2.459039754800885769e-01 6.530795499097656887e-01 7.230063354726060099e-02 2.570794794540224356e-03 6.531619484434513733e-06 1.803102633804996993e-07
2.573678105062287191e-05 1.381535951585545529e-03 9.845465348215639775e-03 9.619626451075911910e-03 5.766129114593915132e-03 2.203353317334220129e-01 6.782166793859116805e-01 7.213933165595673436e-02 2.662893445692407404e-03 7.083192342208864526e-06 1.869401316059589304e-07
2.635486891626951506e-05 1.407412631278657849e-03 1.010079651311619926e-02 9.671718647361502233e-03 5.925133699311859251e-03 1.992494846698215083e-01 6.990347029797372436e-01 7.182008000011175231e-02 2.756456024456513214e-03 7.666136624129094642e-06 1.938292186842774240e-07
2.698073999966345700e-05 1.433450059772296663e-03 1.036266409912388331e-02 9.706660784283217130e-03 6.002296177714184361e-03 1.830523397861551493e-01 7.152065016291367927e-01 7.134921965537863175e-02 2.851404718169704786e-03 8.281359563407818397e-06 2.009907295685488952e-07
2.761429041633295679e-05 1.459637761666964266e-03 1.063118680023186942e-02 9.718792392270463043e-03 5.945831475296972299e-03 1.720474435676145331e-01 7.264773133704923724e-01 7.073537356839695867e-02 2.947668553147484057e-03 8.929781958766149370e-06 2.084384978669340456e-07
2.825541253935687911e-05 1.485964815024239279e-03 1.090646784849335846e-02 9.702865933191511666e-03 5.733622964451688502e-03 1.664285344514074283e-01 7.326698428241439354e-01 6.998943200807726528e-02 3.045185211658311270e-03 9.612343959369850339e-06 2.161869985793197353e-07
2.890399549463245802e-05 1.512419886164054770e-03 1.118859356963805042e-02 9.654216707651644067e-03 5.374612917307406215e-03 1.662744433385259235e-01 7.336878566469460239e-01 6.912449585693425380e-02 3.143902818353605001e-03 1.033001157718978806e-05 2.242513617571501520e-07
2.955992568772032380e-05 1.538991270580522151e-03 1.147763199979696426e-02 9.568918216140309685e-03 4.909355843709778053e-03 1.715464915652339939e-01 7.295181767420308994e-01 6.815577633276409530e-02 3.243781672708093491e-03 1.108378390883853990e-05 2.326473874717905286e-07
3.022308735824330136e-05 1.565666939887689008e-03 1.177363157044852837e-02 9.443918377698694300e-03 4.409701269155803793e-03 1.820884782616734865e-01 7.202310178806684560e-01 6.710045061527136756e-02 3.344795905266141796e-03 1.187470104128067523e-05 2.413915625075688446e-07
3.089336315720931178e-05 1.592434594627603877e-03 1.207661986991837542e-02 9.277152473962435586e-03 3.977593715282212554e-03 1.976292899292226291e-01 7.059786528653932969e-01 6.597747379756725705e-02 3.446935037161290467e-03 1.270385260843417010e-05 2.505010792280976310e-07
3.157063474233222643e-05 1.619281722694941843e-03 1.238660249126620830e-02 9.067629275293661792e-03 3.742999644870364032e-03 2.177881042547792356e-01 6.869924256035402355e-01 6.480734856738622207e-02 3.550205424596609028e-03 1.357238695844915635e-05 2.599938570896807806e-07
3.225478338551118448e-05 1.646195663041709030e-03 1.270356197824682246e-02 8.815487505518989839e-03 3.860993380358461371e-03 2.420820991105220032e-01 6.635781695700171401e-01 6.361185502693122995e-02 3.654631572519590095e-03 1.448152088476584920e-05 2.698885673005819562e-07
3.294569058656457444e-05 1.673163674251016645e-03 1.302745688329310855e-02 8.522020595795343559e-03 4.508055935672583212e-03 2.699365178550355848e-01 6.361101252479964829e-01 6.241374405818692073e-02 3.760257304634228789e-03 1.543254986760814572e-05 2.802046611384812060e-07
3.364323868659207346e-05 1.700173007485385277e-03 1.335822095381977367e-02 8.189668545770141528e-03 5.877661749186563651e-03 3.006968849428410251e-01 6.050234843522189765e-01 6.123639860872311103e-02 3.867146780104358840e-03 1.642685876695101210e-05 2.909624024542367018e-07
3.434731147416788415e-05 1.727210983233190902e-03 1.369576246568345208e-02 7.821976629194926645e-03 8.175247914125449017e-03 3.336431129066517176e-01 5.708057201370706490e-01 6.010346818616141285e-02 3.975385350573730318e-03 1.746593290219310409e-05 3.021829048903751691e-07
3.505779477728882215e-05 1.754265071207868022e-03 1.403996372533578875e-02 7.423521626685476715e-03 1.161267814215055302e-02 3.680051943598149911e-01 5.339868910844037808e-01 5.903848268342985067e-02 4.085080254583951624e-03 1.855136944928314319e-05 3.138881743467844014e-07
3.577457703368669520e-05 1.781322972672414514e-03 1.439068076438239363e-02 6.999807214187810100e-03 1.640232887550082536e-02 4.029801320171043644e-01 4.951291290518995414e-01 5.806445238721058555e-02 4.196361149790687681e-03 1.968488908127572349e-05 3.261011572090958038e-07
3.649754983224441082e-05 1.808372704407610514e-03 1.474774325278932485e-02 6.557131055601771348e-03 2.275093724811567616e-02 4.377497269406758207e-01 4.548155419403341337e-01 5.720346162805389767e-02 4.309380486634100012e-03 2.086834777447151744e-05 3.388457948445340770e-07
3.722660841811148408e-05 1.835402683474705735e-03 1.511095465857323003e-02 6.102427014992454005e-03 3.085335961682011269e-02 4.714988211887665148e-01 4.136387746122898168e-01 5.647626399079478526e-02 4.424313730068697367e-03 2.210374869899173504e-05 3.521470848381941555e-07
3.796165215429826755e-05 1.862401811870478905e-03 1.548009268314427117e-02 5.643086692279307946e-03 4.088639484870532081e-02 5.034335764827297943e-01 3.721894798017313377e-01 5.590188730353319591e-02 4.541359438590295179e-03 2.339325410885869500e-05 3.660311494131109270e-07
3.870258493272857900e-05 1.889359560129970795e-03 1.585491000215712848e-02 5.186765172223082448e-03 5.300282825589444635e-02 5.327993658755461048e-01 3.310449528678643949e-01 5.549725674680872078e-02 4.660739211970852877e-03 2.473919714465732387e-05 3.805253114278319122e-07
3.944931552819538320e-05 1.916266048895769398e-03 1.623513534143688000e-02 4.741176437811011127e-03 6.732584990179173168e-02 5.588978609370724993e-01 2.907581803814183186e-01 5.527684436357716002e-02 4.782697520817212090e-03 2.614409345893225283e-05 3.956581782988017170e-07
4.020175788900106582e-05 1.943112127442491767e-03 1.662047491645374242e-02 4.313884317082692169e-03 8.394399495160889679e-02 5.811029126341176188e-01 2.518475427520260324e-01 5.525235299900278785e-02 4.907501432036985925e-03 2.761065257230765517e-05 4.114597341277670265e-07
4.095983135875962426e-05 1.969889448134452131e-03 1.701061426170316290e-02 3.912095091891297505e-03 1.029067438906107745e-01 5.988748496006729427e-01 2.147873956244920057e-01 5.543244225596152819e-02 5.035440244840569228e-03 2.914178886697366128e-05 4.279614402506515126e-07
4.172346082448237400e-05 1.996590535777805712e-03 1.740522047297221250e-02 3.542457986681628486e-03 1.242209069723733406e-01 6.117728523296849241e-01 1.799997339401002705e-01 5.582250342156569456e-02 5.166825051541545227e-03 3.074063212192219613e-05 4.451963443386887333e-07
4.249257678691888487e-05 2.023208850843703516e-03 1.780394488114417015e-02 3.210879668678373773e-03 1.478479004697099697e-01 6.194651052014236159e-01 1.478471168682279901e-01 5.642448951000228474e-02 5.301988236516339166e-03 3.241053749341904532e-05 4.631991981074360917e-07
4.326711535010594297e-05 2.049738845550351258e-03 1.820642617053427198e-02 2.922358626066663689e-03 1.737020025528227263e-01 6.217364791992052719e-01 1.186270018733336928e-01 5.723680559070874058e-02 5.441282925027586190e-03 3.415509484315133872e-05 4.820065835862668190e-07
4.404701812800946979e-05 2.076176011816908886e-03 1.861229394788734004e-02 2.680844851048161566e-03 2.016496543696791877e-01 6.184935554554713555e-01 9.256760271372113658e-02 5.825426344659859201e-02 5.585082391324803185e-03 3.597813731560016800e-05 5.016570478147194230e-07
4.483223206733569899e-05 2.102516920147832515e-03 1.902117276037313884e-02 2.489129648290304767e-03 2.315098476735120980e-01 6.097668620541041307e-01 6.982534998348294275e-02 5.946810335520199414e-02 5.733779432535417685e-03 3.788374906605954920e-05 5.221912457207377499e-07
4.562270918678657124e-05 2.128759248552442550e-03 1.943268655185096880e-02 2.348769629413668437e-03 2.630556147176175141e-01 5.957102622885153131e-01 5.048399478616588665e-02 6.086608443311778555e-02 5.887785711444533908e-03 3.987627204095558098e-05 5.436520908368963308e-07
4.641840623422510714e-05 2.154901800669404340e-03 1.984646353684846667e-02 2.260048058565822075e-03 2.960166097422714526e-01 5.765975002303476149e-01 3.455535720221759172e-02 6.243264355880243088e-02 6.047531067422453124e-03 4.196031171282433301e-05 5.660849134012892489e-07
4.721928426470489070e-05 2.180944512343206687e-03 2.026214146113534259e-02 2.221975704882965530e-03 3.300827448670944353e-01 5.528159773452396841e-01 2.198168233296352025e-02 6.414912142219600377e-02 6.213462790603480577e-03 4.414074167361205984e-05 5.895376252852985216e-07
4.802530814340891653e-05 2.206888445983937012e-03 2.067937320648855978e-02 2.232332260466493926e-03 3.649088172389849949e-01 5.248579003159821177e-01 1.263952883095650209e-02 6.599405277499975631e-02 6.386044850108295833e-03 4.642270699310825980e-05 6.140608910816792650e-07
4.883644597915480176e-05 2.232735772139804800e-03 2.109783268595030042e-02 2.287748226309607811e-03 4.001200395302387247e-01 4.933090035457010081e-01 6.345078889499183167e-03 6.794351650684025967e-02 6.565757062767989781e-03 4.881162625183046072e-05 6.397083045890862595e-07
4.965266849534836303e-05 2.258489737818667083e-03 2.151722096415760455e-02 2.383825984597118253e-03 4.353183629662514820e-01 4.588351084309415517e-01 2.860725549697168153e-03 6.997153978469575208e-02 6.753094184563355334e-03 5.131319216303330353e-05 6.665365698322795190e-07
5.047394834658939128e-05 2.284154621220558113e-03 2.193727252620425797e-02 2.515297596700191967e-03 4.700894615842555191e-01 4.221668339395668323e-01 1.902763704945205749e-03 7.205054919922898593e-02 6.948564903173051061e-03 5.393337070436324986e-05 6.946056856664010157e-07
5.130025939045352028e-05 2.309735672662345356e-03 2.235776160760198639e-02 2.676215725298228178e-03 5.040102289202684771e-01 3.840828179709349643e-01 3.149986064477331912e-03 7.415186069508823696e-02 7.152690706483951812e-03 5.667839868729922047e-05 7.239791329397334801e-07
5.213157592524903249e-05 2.335239041614518493e-03 2.277850848801946451e-02 2.860173009597238945e-03 5.366566242591161995e-01 3.453918452769943470e-01 6.252965193402700191e-03 7.624619905235481554e-02 7.366004599200531855e-03 5.955477970215655086e-05 7.547240631177590657e-07
5.296787190552889913e-05 2.360671689925310842e-03 2.319938564274914156e-02 3.060544256196302999e-03 5.676116953452294833e-01 3.069143044413678023e-01 1.084378806474288470e-02 7.830423686042836673e-02 7.589049637627155558e-03 6.256927838752906991e-05 7.869114872230780820e-07
5.380912014818161845e-05 2.386041291433994762e-03 2.362032363844904573e-02 3.270744974702535605e-03 5.964735983294499055e-01 2.694634128682027452e-01 1.654600069032442083e-02 8.029714230625661919e-02 7.822377251605231591e-03 6.572891298666542700e-05 8.206164639042643493e-07
5.465529154292384699e-05 2.411356118365609764e-03 2.404131665421272226e-02 3.484499113203830267e-03 6.228634339087099070e-01 2.338266544759927679e-01 2.298451754486013562e-02 8.219712470609535915e-02 8.066545322541217311e-03 6.904094616880605405e-05 8.559182854271943733e-07
5.550635428154890853e-05 2.436624915026577593e-03 2.446242750547006350e-02 3.696108357080122014e-03 6.464327211741860424e-01 2.007478696640298821e-01 2.979525371262149724e-02 8.397796655499267793e-02 8.322115987572875628e-03 7.251287411134098044e-05 8.929006603858982782e-07
5.636227312085907926e-05 2.461856759506342914e-03 2.488379204684412760e-02 3.900715063688657124e-03 6.668703375946016809e-01 1.709104212261237377e-01 3.663424686667656610e-02 8.561553096145328723e-02 8.589653142200328814e-03 7.615241385832335614e-05 9.316518919414130492e-07
5.722300869471656147e-05 2.487060914249041195e-03 2.530562283139839094e-02 4.094550828173635325e-03 6.839087646777651797e-01 1.449218336078683667e-01 4.318605108310789170e-02 8.708823367739430832e-02 8.869719617315741794e-03 7.996748899380101943e-05 9.722650504478265845e-07
1.979403928097810188e-05 1.161534213918643740e-03 8.138058081997034260e-03 9.608139395817439504e-03 1.698500135502152911e-02 5.097715011332619728e-01 3.786023624378604402e-01 7.392822785797764640e-02 1.781707591172031679e-03 3.532938891985700953e-06 1.409548068319736725e-07
2.030570761024229516e-05 1.185093677950857256e-03 8.355753545483369030e-03 9.637538979173508949e-03 1.341293762823916359e-02 4.700307341854133014e-01 4.202684352310283034e-01 7.523150072724070492e-02 1.853657842177459372e-03 3.896532855380658458e-06 1.459428068346526703e-07
2.082494723136062194e-05 1.208856583244582745e-03 8.578421490890400514e-03 9.689906935052465878e-03 1.085353064879725736e-02 4.299324341589425558e-01 4.614052995369617438e-01 7.637845329287872020e-02 1.927835005104057290e-03 4.286308727880539817e-06 1.510921912865919751e-07
2.135169622345439974e-05 1.232814922163057115e-03 8.806161476314983833e-03 9.761680037830212930e-03 9.142976548942100684e-03 3.902516232297064680e-01 5.014151860932555271e-01 7.735913817975920148e-02 2.004208072966207239e-03 4.703332201522120168e-06 1.564106268366443827e-07
2.188588751594119642e-05 1.256960142637906586e-03 9.039066727192603123e-03 9.848349580527453531e-03 8.115073856084474568e-03 3.517599173045010130e-01 5.397055834846065103e-01 7.816510987121151610e-02 2.082742566752122070e-03 5.148672577228068157e-06 1.619063049578139893e-07
2.242744913419641119e-05 1.281283154043842167e-03 9.277222911224299040e-03 9.944587498558397215e-03 7.606221339925126057e-03 3.152091055757418325e-01 5.757003165834013725e-01 7.878964280514426377e-02 2.163401691474548753e-03 5.623403374739890882e-06 1.675879600889333958e-07
2.297630448321372250e-05 1.305774338452574991e-03 9.520706983847965210e-03 1.004439671791050592e-02 7.460383737303710391e-03 2.813149164081465980e-01 6.088504616949642623e-01 7.922793414663643896e-02 2.246147599797939168e-03 6.128603511058451835e-06 1.734648868211258178e-07
2.353237266858473369e-05 1.330423567536768515e-03 9.769586115014515515e-03 1.014128200774465534e-02 7.533898819263529223e-03 2.507413385235131020e-01 6.386448649211808881e-01 7.947728602042553048e-02 2.330942746596741371e-03 6.665359085385590871e-06 1.795469561484556916e-07
2.409556885350203870e-05 1.355220225318510240e-03 1.002391670578193540e-02 1.022843701386144145e-02 7.700000264667040267e-03 2.240858606209303328e-01 6.646200355768974166e-01 7.953726209749725773e-02 2.417751315768084958e-03 7.234765802954777229e-06 1.858446308389847466e-07
2.466580465021766370e-05 1.380153236920510836e-03 1.028374350133554049e-02 1.029894264948746918e-02 7.852935008237506287e-03 2.018659779744068350e-01 6.863691971557541738e-01 7.940981366920696338e-02 2.506540698999202080e-03 7.837932064873729106e-06 1.923689800159183436e-07
2.524298854356024201e-05 1.405211103391003401e-03 1.054909880488721224e-02 1.034597163857630189e-02 7.911561111702183208e-03 1.845072913538607917e-01 7.035502941676327060e-01 7.909937071196065927e-02 2.597283005005446722e-03 8.475982744671430220e-06 1.991316930797852733e-07
2.582702634378972076e-05 1.430381942611554883e-03 1.082000179526721763e-02 1.036299375767401817e-02 7.822322657612741648e-03 1.723334922176749662e-01 7.158927738741960312e-01 7.861289394284662335e-02 2.689956577026737013e-03 9.150063665825367199e-06 2.061450931436499228e-07
2.641782166543368496e-05 1.455653536219069693e-03 1.109645794953010960e-02 1.034397621519136078e-02 7.561511495269453847e-03 1.655584891244601675e-01 7.232029871059055814e-01 7.795988448658225378e-02 2.784547496214949402e-03 9.861346788126006135e-06 2.134221501934283959e-07
2.701527642828613617e-05 1.481013382395904646e-03 1.137845857082371397e-02 1.028357364741859167e-02 7.136741605193779037e-03 1.642808845242708649e-01 7.253680814237071228e-01 7.715234850831519109e-02 2.881051048864577673e-03 1.061103610374817903e-05 2.209764942316178754e-07
2.761929137616413724e-05 1.506448754298029494e-03 1.166598042105548329e-02 1.017730240155085251e-02 6.587580047591319772e-03 1.684809595032085439e-01 7.223582922456552868e-01 7.620471500228193085e-02 2.979473136333910584e-03 1.140037423721372566e-05 2.288224287043804492e-07
2.822976660866207939e-05 1.531946763811930763e-03 1.195898545765292607e-02 1.002169411510012327e-02 5.985298507857924125e-03 1.780202678351964218e-01 7.142275724725692942e-01 7.513370584862937018e-02 3.079831607897885997e-03 1.223064973659220081e-05 2.369749445551518769e-07
2.884660212061865184e-05 1.557494430245112086e-03 1.225742067394993730e-02 9.814424082755486903e-03 5.431730877620255180e-03 1.926438811347820079e-01 7.011125378041702660e-01 7.395815824087693946e-02 3.182157498686543576e-03 1.310320503661523076e-05 2.454497352914695519e-07
2.946969834363443076e-05 1.583078753478343436e-03 1.256121804339229743e-02 9.554410515735294041e-03 5.057244595050547700e-03 2.119852654102997724e-01 6.832297424935821484e-01 7.269880062460931658e-02 3.286496157201155167e-03 1.401944506785625468e-05 2.542632134910333741e-07
3.009895668377259891e-05 1.608686791022321009e-03 1.287029456889005746e-02 9.241881531339427719e-03 5.017856061774121634e-03 2.355737073664210257e-01 6.608713378448280995e-01 7.137798435033594624e-02 3.392908249650669963e-03 1.498084647977918004e-05 2.634325292106476038e-07
3.073428004911139729e-05 1.634305738347150089e-03 1.318455244009954751e-02 8.878407543866586801e-03 5.491542783478437807e-03 2.628441479114047574e-01 6.343992024223721327e-01 7.001937430596463785e-02 3.501470631412109680e-03 1.598896743923467967e-05 2.729755907966891639e-07
3.137557336090148515e-05 1.659923011785288888e-03 1.350387930335001339e-02 8.466897642070462041e-03 6.673826369837891105e-03 2.931492220006236549e-01 6.042376678190785055e-01 6.864760283163161281e-02 3.612277079221783756e-03 1.704545796038112128e-05 2.829110886252246244e-07
3.202274404165883666e-05 1.685526333229023926e-03 1.382814865089115365e-02 8.011559508959494036e-03 8.772720608920602653e-03 3.257732496663984234e-01 5.708649960721419170e-01 6.728789220502887081e-02 3.725438881124228021e-03 1.815207071596735143e-05 2.932585223254594982e-07
3.267570247385884181e-05 1.711103815796449767e-03 1.415722033847049977e-02 7.517823441796629529e-03 1.200315695943817221e-02 3.599478742359693006e-01 5.348037936168399398e-01 6.596565189394361373e-02 3.841085284707616149e-03 1.931067227489849660e-05 3.040382320592472617e-07
3.333436242272041843e-05 1.736644049575258256e-03 1.449094124238309127e-02 6.992232036358694836e-03 1.658101547699734196e-02 3.948690016032488925e-01 4.966105713167933144e-01 6.470605757857869622e-02 3.959363807519238575e-03 2.052325470542744416e-05 3.152714344406380839e-07
3.399864141683083804e-05 1.762136186510532146e-03 1.482914606937201646e-02 6.442298082234401528e-03 2.271690196023743585e-02 4.297146601207142980e-01 4.568646799679052517e-01 6.353361962706947919e-02 4.080440416803973562e-03 2.179194747859261830e-05 3.269802636861326678e-07
3.466846108082492924e-05 1.787570023474074074e-03 1.517165833466115575e-02 5.876334147304088616e-03 3.060982158588526278e-02 4.636633751609054443e-01 4.161568652393102252e-01 6.247174924140402874e-02 4.204499588613053694e-03 2.311902960170591660e-05 3.391878185816103370e-07
3.534374741433093020e-05 1.812936082506558244e-03 1.551829152476992373e-02 5.303258182517666709e-03 4.044090519388621185e-02 4.959126363968376916e-01 3.750776948933036703e-01 6.154233085978328549e-02 4.331744258852611440e-03 2.450694190640768301e-05 3.519182158403281793e-07
3.602443101242487389e-05 1.838225687227607909e-03 1.586885046301076199e-02 4.732380227463978649e-03 5.236734646943506932e-02 5.256970298771478367e-01 3.342061140772232264e-01 6.076530959058146220e-02 4.462395680882530989e-03 2.595829941180321997e-05 3.651966504054450641e-07
3.671044722294215015e-05 1.863431034388480156e-03 1.622313289565515196e-02 4.173175919569522413e-03 6.651670642380017040e-02 5.523056112779302085e-01 2.940983813917161238e-01 6.015830245085679318e-02 4.596693205717780270e-03 2.747590367822430599e-05 3.790494632172226121e-07
3.740173623704550068e-05 1.888545259552047977e-03 1.658093131654021085e-02 3.635052985365825121e-03 8.298173577919404353e-02 5.750981113123460053e-01 2.552776293666996765e-01 5.973624198309131217e-02 4.734894001641199238e-03 2.906275506227171679e-05 3.935042169294294176e-07
3.809824311014199622e-05 1.913562495901735419e-03 1.694203504641988989e-02 3.127117204217600734e-03 1.018158561934059403e-01 5.935195889050137730e-01 2.182242781031803747e-01 5.951106042405874402e-02 4.877272730188552188e-03 3.072206477998910026e-05 4.085897799984458837e-07
3.879991771107564228e-05 1.938477925208276827e-03 1.730623258117679197e-02 2.657944471502157822e-03 1.230294278970378435e-01 6.071131818896876586e-01 1.833675105162832775e-01 5.949142200356635768e-02 5.024121194711541477e-03 3.245726667948846698e-05 4.243364195189115277e-07
3.950671459866251497e-05 1.963287820022334949e-03 1.767331421963588139e-02 2.235365541357417669e-03 1.465869145402938778e-01 6.155306479066482428e-01 1.510779923115631307e-01 5.968251016499995232e-02 5.175747976367582777e-03 3.427202862046203180e-05 4.407759030978567846e-07
4.021859282557267593e-05 1.987989576216213534e-03 1.804307497741469354e-02 1.866269796517604955e-03 1.724050362259581526e-01 6.185404388690965982e-01 1.216619901503223772e-01 6.008587553649548385e-02 5.332478070182939192e-03 3.617026335354865912e-05 4.579416099864776485e-07
4.093551567066828947e-05 2.012581735057222820e-03 1.841531778778318293e-02 1.556433976630636467e-03 2.003519792978273317e-01 6.160331096631135317e-01 9.535700812610393984e-02 6.069934935939133580e-02 5.494652530949453717e-03 3.815613878786981288e-05 4.758686515913299684e-07
4.165745030225568625e-05 2.037063994073826274e-03 1.878985698403842081e-02 1.310381204728559845e-03 2.302477069836852408e-01 6.080239242567084812e-01 7.232902649041850207e-02 6.151702581933182062e-02 5.662628135175779703e-03 4.023408753161442466e-05 4.945940013973964577e-07
4.238436737559230156e-05 2.061437206059328620e-03 1.916652205060209030e-02 1.131274896736432327e-03 2.618653890509324289e-01 5.946525886258813287e-01 5.267138841693461832e-02 6.252931535204390989e-02 5.836777061214850487e-03 4.240881558686746932e-05 5.141566342197064882e-07
4.311624056963943692e-05 2.085703365656833320e-03 1.954516162171786309e-02 1.020851238848104192e-03 2.949339418514189126e-01 5.761801082382486117e-01 3.640534141271677127e-02 6.372306953804708629e-02 6.017486585057764230e-03 4.468531007653250110e-05 5.345976746001141237e-07
4.385304606873388536e-05 2.109865583067679472e-03 1.992564769780646311e-02 9.793928942035952205e-04 3.291416431743645621e-01 5.529828365853666217e-01 2.348220073724276158e-02 6.508177669097109375e-02 6.205158784456350253e-03 4.706884588006894198e-05 5.559605540390021693e-07
4.459476199662299286e-05 2.133928044554850908e-03 2.030788004006478173e-02 1.005745479587370414e-03 3.641407598692390502e-01 5.255438487271534287e-01 1.378706383993297604e-02 6.658582571646713688e-02 6.400210238806493604e-03 4.956499105211811953e-05 5.782911766442768738e-07
4.534136781092052663e-05 2.157895959521356852e-03 2.069179069426129933e-02 1.097377164128851426e-03 3.995531009123184929e-01 4.944418383168479592e-01 7.143968322118100095e-03 6.821283430678945492e-02 6.603071707190278847e-03 5.217961089993271453e-05 6.016380926475609168e-07
4.609284366760872057e-05 2.181775494082176595e-03 2.107734858486288651e-02 1.250480516923923799e-03 4.349763851232119061e-01 4.603377965057580679e-01 3.322352168347858861e-03 6.993803607801177269e-02 6.814187761887318187e-03 5.491887059514331761e-05 6.260526791297575079e-07
4.684916976586229543e-05 2.205573691188242660e-03 2.146456411120115093e-02 1.460114502711298791e-03 4.699912916949915975e-01 4.239597849616285608e-01 2.044644808426838035e-03 7.173471988451315950e-02 7.034016350018927610e-03 5.778923620052043122e-05 6.515893271712894053e-07
