3.331381362749757935e-02 5.757672710733462151e-02 4.008005133151431448e-02 4.850888929547532424e-02 5.374956812894542829e-02 2.383065281730282342e-02 6.794165607460309619e-01 4.741113805867190611e-02 4.488897299091099483e-03 9.342609367823722852e-03 2.281092220278085024e-03
3.445245425156452657e-02 5.921237920794262394e-02 4.126906967892246536e-02 4.758410273178993732e-02 5.479693515140124371e-02 2.442799117761541849e-02 6.700648668531318242e-01 5.154013728539146716e-02 4.627190117233410255e-03 9.712499997715883307e-03 2.312373547251882645e-03
3.561856561456423764e-02 6.088327985434240086e-02 4.245629941327126733e-02 4.667547612219669073e-02 5.585050410663797149e-02 2.501001932760197818e-02 6.604830944989852348e-01 5.581878060502694361e-02 4.767816586147148421e-03 1.009287693778634573e-02 2.343286933418810541e-03
3.681222109934787629e-02 6.258970886088845165e-02 4.363986358051912678e-02 4.578240062138365374e-02 5.690806816527394646e-02 2.557672901061767978e-02 6.506837513003340678e-01 6.023908809180988227e-02 4.910539784042424957e-03 1.048381717643969563e-02 2.373812309343043686e-03
3.803346264054463521e-02 6.433192666793063896e-02 4.481784642907116895e-02 4.490429477833851601e-02 5.796732818443018492e-02 2.612829333249267263e-02 6.406796451266861814e-01 6.479277827263817124e-02 5.055109035974227408e-03 1.088538553399185337e-02 2.403929997892167297e-03
3.928229960421388001e-02 6.611017340455485614e-02 4.598829731405094240e-02 4.404060698289012643e-02 5.902590055573734423e-02 2.666505905177601887e-02 6.304838555266017996e-01 6.947129256784161100e-02 5.201260258974534610e-03 1.129763398725133067e-02 2.433620746073821266e-03
4.055870770695278738e-02 6.792466795008966773e-02 4.714923478333082896e-02 4.319081770900393830e-02 6.008132566689289300e-02 2.718753795194759140e-02 6.201097046783600186e-01 7.426582042090493219e-02 5.348716377268667582e-03 1.172060099866232934e-02 2.462865756565428207e-03
4.186262797861133728e-02 6.977560699584772763e-02 4.829865083607924603e-02 4.235444154930448346e-02 6.113107693647861635e-02 2.769639735143886172e-02 6.095707279477283747e-01 7.916732502543963323e-02 5.497187807826578801e-03 1.215431085235772063e-02 2.491646718903310284e-03
4.319396577269574156e-02 7.166316410871526044e-02 4.943451534383105223e-02 4.153102903589887818e-02 6.217257037801929287e-02 2.819244981267082784e-02 5.988806441362972688e-01 8.416656955596250878e-02 5.646373016145085806e-03 1.259877299943373656e-02 2.519945840290690759e-03
4.455258982860137162e-02 7.358748879804979937e-02 5.055478062340997003e-02 4.072016824373395766e-02 6.320317464600544444e-02 2.867664211536333913e-02 5.880533255042904583e-01 8.925414380779994605e-02 5.795959141886197069e-03 1.305398141490328803e-02 2.547745875994934274e-03
4.593833138966294666e-02 7.554870558773650602e-02 5.165738615037713394e-02 3.992148617351171797e-02 6.422022151328941886e-02 2.915004356398294069e-02 5.771027676494037140e-01 9.442049115036998952e-02 5.945622693655086728e-03 1.351991396868756738e-02 2.575030159292831383e-03
4.735098338094912568e-02 7.754691309485456374e-02 5.274026340115208628e-02 3.913464991257841613e-02 6.522101672752991797e-02 2.961383370265270598e-02 5.660430593257359533e-01 9.965593569845258848e-02 6.095030311904839175e-03 1.399653181325287953e-02 2.601782630938451191e-03
4.879029965057689322e-02 7.958218311672965450e-02 5.380134081119596762e-02 3.835936757263151697e-02 6.620285119051819156e-02 3.006928951401448974e-02 5.548883522825738268e-01 1.049507096047070792e-01 6.243839598610459972e-03 1.448377879030182669e-02 2.627987868116450718e-03
5.025599427830241411e-02 8.165455972821353270e-02 5.483854883636869737e-02 3.759538900445490162e-02 6.716301240362190783e-02 3.051777218145623055e-02 5.436528312049343503e-01 1.102949803785950172e-01 6.391700012087080628e-03 1.498158085909804225e-02 2.653631112849134596e-03
5.174774095491739556e-02 8.376405839073923498e-02 5.584982510376097081e-02 3.684250629059890314e-02 6.809879611982606884e-02 3.096071349604801251e-02 5.323506838341143244e-01 1.156788781361590412e-01 6.538253824990077068e-03 1.548984554899586474e-02 2.678698299828665558e-03
5.326517243584331235e-02 8.591066507511295469e-02 5.683311963820108365e-02 3.610055401791757018e-02 6.900751814212792434e-02 3.139960199153011416e-02 5.209960713461521120e-01 1.210925226875464999e-01 6.683137143225985344e-03 1.600846143865879145e-02 2.703176083640688836e-03
5.480788007217188978e-02 8.809433539974784177e-02 5.778640014986284601e-02 3.536940933273346327e-02 6.988652620676077953e-02 3.183596889148553738e-02 5.096030990641856606e-01 1.265260503698189265e-01 6.825980983248533529e-03 1.653729766460999145e-02 2.727051865355840238e-03
5.637541342222360946e-02 9.031499378624452401e-02 5.870765736832652543e-02 3.464899178212867137e-02 7.073321188907827350e-02 3.227137395382003587e-02 4.981857875786237511e-01 1.319696405346640622e-01 6.966412404870304768e-03 1.707620346153621016e-02 2.750313818445595040e-03
5.796727994642448395e-02 9.257253263413947608e-02 5.959491040809746648e-02 3.393926294595490251e-02 7.154502247001287563e-02 3.270739129737769424e-02 4.867580443472042662e-01 1.374135416032972734e-01 7.104055696509028149e-03 1.762500773695204609e-02 2.772950914009405642e-03
5.958294478817062478e-02 9.486681151661666145e-02 6.044621214994584657e-02 3.324022586457828221e-02 7.231947270069906397e-02 3.314559529543724403e-02 4.753336358442442622e-01 1.428480966029200550e-01 7.238533609452347216e-03 1.818351868264382609e-02 2.794952945269550855e-03
6.122183064310580958e-02 9.719765639924668466e-02 6.125965462292590896e-02 3.255192426838802999e-02 7.305415640349056938e-02 3.358754661957014803e-02 4.639261603267338940e-01 1.482637681023058762e-01 7.369468637505814310e-03 1.875152342534633018e-02 2.816310551309691296e-03
6.288331771895352973e-02 9.956485888351403191e-02 6.203337437103995794e-02 3.187444161569279177e-02 7.374675784874240581e-02 3.403477851595278214e-02 4.525490212815309610e-01 1.536511624672953769e-01 7.496484338155735491e-03 1.932878771904725929e-02 2.837015240025640445e-03
6.456674378778318180e-02 1.019681754770006554e-01 6.276555778889159054e-02 3.120789994615459639e-02 7.439506284730210139e-02 3.448878339427134676e-02 4.412154016156126235e-01 1.590010533603971876e-01 7.619206691097927045e-03 1.991505568120977357e-02 2.857059410257131553e-03
6.627140433241160422e-02 1.044073268922676712e-01 6.345444641034354849e-02 3.055245855794574972e-02 7.499696950088498293e-02 3.495099980682401380e-02 4.299382386484176810e-01 1.643044044127296155e-01 7.737265489842918079e-03 2.051004957520813701e-02 2.876436373067961516e-03
6.799655278834121352e-02 1.068819973763186493e-01 6.409834213448083184e-02 2.990831251678604391e-02 7.555049855374634804e-02 3.542279989244085520e-02 4.187301999622885518e-01 1.695523910004268497e-01 7.850295761814564746e-03 2.111346964113404445e-02 2.895140372143812334e-03
6.974140088221295053e-02 1.093918340724945870e-01 6.469561237278879939e-02 2.927569100600271521e-02 7.605380329161116892e-02 3.590547735661719919e-02 4.076036601637980650e-01 1.747364210619589964e-01 7.957939212234792919e-03 2.172499397702599283e-02 2.913166603272363941e-03
7.150511906765766312e-02 1.119364464167167950e-01 6.524469510207296652e-02 2.865485552717414799e-02 7.650517893629113497e-02 3.640023605513160315e-02 3.965706786053431743e-01 1.798481548971824218e-01 8.059845686947057775e-03 2.234427847256638400e-02 2.930511232873239148e-03
7.328683705904086298e-02 1.145154055701621543e-01 6.574410380739767468e-02 2.804609796107666864e-02 7.690307148702285600e-02 3.690817924468169087e-02 3.856429781144540825e-01 1.848795238944053176e-01 8.155674649057162093e-03 2.297095679707125346e-02 2.947171415540583012e-03
7.508564446319911101e-02 1.171282438899826361e-01 6.619243229979519805e-02 2.744973849936625104e-02 7.724608596274049055e-02 3.743029955906446854e-02 3.748319247720184322e-01 1.898227481353402801e-01 8.245096664292213620e-03 2.360464044358645194e-02 2.963145310566707262e-03
7.690059150913219899e-02 1.197744544401367350e-01 6.658835939352461541e-02 2.686612345756919651e-02 7.753299400252131046e-02 3.796746976487905267e-02 3.641485087805294563e-01 1.946703528338499800e-01 8.327794889744792942e-03 2.424491883065739428e-02 2.978432097398077058e-03
7.873068987520641382e-02 1.224534905442782040e-01 6.693065342830405162e-02 2.629562298033994577e-02 7.776274078548894853e-02 3.852043434538174327e-02 3.536033264575890733e-01 1.994151835694392971e-01 8.403466560606037347e-03 2.489135946334798330e-02 2.993031989997516421e-03
8.057491361298671495e-02 1.251647653822902939e-01 6.721817662196086229e-02 2.573862865009101872e-02 7.793445123437631183e-02 3.908980195586665707e-02 3.432065633870708954e-01 2.040504202808853806e-01 8.471824469487762230e-03 2.554350815482760856e-02 3.006946250063027935e-03
8.243220016679017603e-02 1.279076516325391433e-01 6.744988923957484506e-02 2.519555101043272072e-02 7.804743547162688866e-02 3.967603878814943141e-02 3.329679787572922822e-01 2.085695899920178564e-01 8.532598432720899656e-03 2.620088930974270869e-02 3.020177199064675091e-03
8.430145148736932492e-02 1.306814811614463723e-01 6.762485356560041239e-02 2.466681701585263231e-02 7.810119350024494200e-02 4.027946287603219322e-02 3.228968909104905638e-01 2.129665782453189493e-01 8.585536738170442689e-03 2.686300627041448424e-02 3.032728229054901942e-03
8.618153523816440842e-02 1.334855447623398417e-01 6.774223766594025808e-02 2.415286741931341880e-02 7.809541908621063511e-02 4.090023936766556956e-02 3.130021641263728838e-01 2.172356392260597069e-01 8.630407568902955656e-03 2.752934172677373725e-02 3.044603812207553710e-03
8.807128609194005142e-02 1.363190919450851246e-01 6.780131892761696866e-02 2.365415410941322516e-02 7.803000282348301897e-02 4.153837678479019302e-02 3.032921966564772753e-01 2.213714045641030359e-01 8.667000397223291810e-03 2.819935819074927130e-02 3.055809509042657461e-03
8.996950711554824176e-02 1.391813307783826004e-01 6.780148736402774601e-02 2.317113740873790600e-02 7.790503436654300229e-02 4.219372428240043132e-02 2.937749100244960720e-01 2.253688908054742035e-01 8.695127343455750363e-03 2.887249853558408047e-02 3.066351975280337972e-03
9.187497124006656357e-02 1.420714277862069608e-01 6.774224867473883915e-02 2.270428334515954549e-02 7.772080382035133350e-02 4.286596991674391371e-02 2.844577396024978166e-01 2.292235055523434983e-01 8.714624494029540175e-03 2.954818660051933624e-02 3.076238967285930409e-03
9.378642281337516706e-02 1.449885079000717003e-01 6.762322704920777083e-02 2.225406090756415489e-02 7.747780228159500959e-02 4.355463992316338517e-02 2.753476264706107846e-01 2.329310522739782841e-01 8.725353173390902259e-03 3.022582786092304491e-02 3.085479346047424569e-03
9.570257923191580196e-02 1.479316544685934098e-01 6.744416770464101152e-02 2.182093929754444842e-02 7.717672152960176890e-02 4.425909899928248681e-02 2.664510105632971193e-01 2.364877337970591464e-01 8.727201164427657656e-03 3.090481016391125046e-02 3.094083079638549737e-03
9.762213264805739976e-02 1.508999093259159319e-01 6.720493914894384857e-02 2.140538518828722162e-02 7.681845286964301966e-02 4.497855158330998221e-02 2.577738251020852411e-01 2.398901544883536019e-01 8.720083872099772607e-03 3.158450452912538176e-02 3.102061244116190511e-03
9.954375174915450208e-02 1.538922729201965545e-01 6.690553516043114268e-02 2.100786000184010766e-02 7.640408513571507465e-02 4.571204411107793186e-02 2.493214923112810066e-01 2.431353211478918253e-01 8.703945425240564374e-03 3.226426601433204228e-02 3.109426022789655783e-03
1.014660836043612679e-01 1.569077045037864937e-01 6.654607647686455740e-02 2.062881721561973802e-02 7.593490186387534535e-02 4.645846823043316837e-02 2.410989204095004834e-01 2.462206426351351007e-01 8.678759711443892813e-03 3.294343464510243041e-02 3.116190703825235091e-03
1.033877555746485766e-01 1.599451223860784421e-01 6.612681218719586307e-02 2.026869970878479588e-02 7.541237765168663787e-02 4.721656494532060905e-02 2.331105018667196660e-01 2.491439282553116197e-01 8.644531340289021357e-03 3.362133640779275956e-02 3.122369676116342439e-03
1.053073772815998205e-01 1.630034042504455993e-01 6.564812082014627459e-02 1.992793715875685809e-02 7.483817372279315261e-02 4.798492965763800910e-02 2.253601129128883218e-01 2.519033849373785716e-01 8.601296530262050877e-03 3.429728430470484896e-02 3.127978423369623222e-03
1.072235426299922856e-01 1.660813875361442649e-01 6.511051112470939151e-02 1.960694349795437386e-02 7.421413272006256723e-02 4.876201806930158950e-02 2.178511142814242574e-01 2.544976132389420442e-01 8.549123914875488353e-03 3.497057947016853074e-02 3.133033516362483499e-03
1.091348318792545874e-01 1.691778698864267461e-01 6.451462253868033014e-02 1.930611444031110971e-02 7.354227275391601870e-02 4.954615290284181822e-02 2.105863531675220279e-01 2.569256022177940357e-01 8.488115263814330694e-03 3.564051234603941160e-02 3.137552603304638935e-03
1.110398137585133643e-01 1.722916096635888905e-01 6.386122534190069588e-02 1.902582508685588675e-02 7.282478073613819769e-02 5.033553139417148298e-02 2.035681663778788342e-01 2.591867232126053855e-01 8.418406115107794629e-03 3.630636391491171011e-02 3.141554398259130063e-03
1.129370476197562589e-01 1.754213265318669557e-01 6.315122049211022159e-02 1.876642761912394874e-02 7.206400503272979152e-02 5.112823350759663349e-02 1.967983846462243169e-01 2.612807225793344346e-01 8.340166314506968631e-03 3.696740698910461892e-02 3.145058667573483527e-03
1.148250856236784356e-01 1.785657021089174235e-01 6.238563914208967304e-02 1.852824908885388269e-02 7.126244747246465727e-02 5.192223081918736355e-02 1.902783380856478135e-01 2.632077134328396628e-01 8.253600458699817538e-03 3.762290755331124115e-02 3.148086214265777456e-03
1.167024749523311034e-01 1.817233806864819168e-01 6.156564183765465825e-02 1.831158931182808730e-02 7.042275475041907817e-02 5.271539601165363409e-02 1.840088627462123094e-01 2.649681664455244556e-01 8.158948239024282206e-03 3.827212615851904864e-02 3.150658860316794992e-03
3.256935913701494018e-02 5.841561618372519138e-02 3.814410093779181665e-02 5.939945497933475649e-02 6.164989149569596177e-02 2.074996011581260388e-02 6.734680366382134187e-01 3.797499267045626598e-02 5.183222002490036305e-03 9.975932848182145901e-03 2.469432991251105641e-03
3.369248624220055888e-02 6.010949929005218739e-02 3.931891130551506269e-02 5.838098479996228773e-02 6.307269743869625689e-02 2.138123152127675147e-02 6.643105841507913611e-01 4.156223654760362457e-02 5.311639470487796236e-03 1.035363809788728863e-02 2.506091135512935296e-03
3.484281411928780159e-02 6.184050497251367129e-02 4.049346390406936835e-02 5.737833424485765804e-02 6.449493414702399396e-02 2.199519724636165782e-02 6.549240132910715273e-01 4.530587018459955595e-02 5.440975954177287334e-03 1.074145143781402197e-02 2.542440498218055331e-03
3.602040821656440212e-02 6.360892364128478693e-02 4.166594916248040487e-02 5.639110442866605843e-02 6.591348468834531960e-02 2.259156800878702603e-02 6.453209345929733498e-01 4.919875917021192951e-02 5.570975468547303966e-03 1.113943468425475369e-02 2.578457937835094450e-03
3.722530255979727976e-02 6.541502449706568245e-02 4.283451872535046917e-02 5.541892226145175154e-02 6.732515508174423402e-02 2.317025287597735198e-02 6.355142521767263020e-01 5.323344063565812329e-02 5.701372335547437616e-03 1.154763829565452586e-02 2.614120555008768269e-03
3.845749867148084977e-02 6.725905453470766571e-02 4.399728920274890293e-02 5.446144226291536189e-02 6.872668504471474149e-02 2.373135233691096163e-02 6.255171341349521352e-01 5.740214568553553970e-02 5.831891632283672106e-03 1.196610076861491685e-02 2.649405725150922458e-03
3.971696453108199826e-02 6.914123754755183149e-02 4.515234609374210034e-02 5.351834817973646907e-02 7.011475931345735602e-02 2.427515035551802702e-02 6.153429824846696761e-01 6.169682263030097646e-02 5.962249695120239341e-03 1.239484803777321162e-02 2.684291131008923435e-03
4.100363358025800598e-02 7.106177313408248986e-02 4.629774787453408424e-02 5.258935440294557756e-02 7.148601948473085055e-02 2.480210545974250239e-02 6.050054027728719586e-01 6.610916093446969621e-02 6.092154679515097634e-03 1.283389288164604736e-02 2.718754795198197096e-03
4.231740377694247907e-02 7.302083570842783644e-02 4.743153024145439767e-02 5.167420718285736098e-02 7.283707632445350633e-02 2.531284092654150636e-02 5.945181734225944981e-01 7.063061579247063848e-02 6.221307175124646260e-03 1.328323433649097537e-02 2.752775112654509259e-03
4.365813670247654932e-02 7.501857351689894537e-02 4.855171049863853117e-02 5.077268564030550102e-02 7.416452248461095909e-02 2.580813412740632154e-02 5.838952149087990318e-01 7.525243324207207818e-02 6.349400875480545534e-03 1.374285712032337521e-02 2.786330882988270231e-03
4.502565672529482144e-02 7.705510766190665217e-02 4.965629207924820987e-02 4.988460257361672368e-02 7.546494556785303398e-02 2.628890510460338281e-02 5.731505588497680659e-01 7.996567572444418515e-02 6.476123301237738175e-03 1.421273106929147462e-02 2.819401342711445619e-03
4.641975022521027672e-02 7.913053113538172367e-02 5.074326918893556221e-02 4.900980506188280794e-02 7.673494147622879347e-02 2.675620445184036938e-02 5.622983171004116709e-01 8.476124799844425572e-02 6.601156575805510428e-03 1.469281058858555589e-02 2.851966197307116441e-03
4.784016488171789760e-02 8.124490786339712278e-02 5.181063155937117026e-02 4.814817486570587002e-02 7.797112797896099678e-02 2.721120057740713041e-02 5.513526509318447122e-01 8.962992331639021981e-02 6.724178251910939083e-03 1.518303412018075747e-02 2.884005653119569960e-03
4.928660902997723109e-02 8.339827176401379272e-02 5.285636929946424534e-02 4.729962862775396321e-02 7.917015843201891112e-02 2.765516643069899569e-02 5.403277403817586810e-01 9.456236976831675078e-02 6.844862187302932013e-03 1.568332362962240184e-02 2.915500449036182058e-03
5.075875108768031913e-02 8.559062582004398068e-02 5.387847783118328987e-02 4.646411787595961657e-02 8.032873558137751391e-02 2.808946577608160619e-02 5.292377538558339367e-01 9.954917670201432478e-02 6.962879467701911865e-03 1.619358411418733365e-02 2.946431887932662950e-03
5.225621905615036866e-02 8.782194116897384939e-02 5.487496289667201377e-02 4.564162883323984177e-02 8.144362538059272960e-02 2.851553909995121344e-02 5.180968180607703477e-01 1.045808811263347626e-01 7.077899374761897205e-03 1.671370313468370505e-02 2.976781867863300714e-03
5.377860009858871637e-02 9.009215621165102272e-02 5.584384562292993293e-02 4.483218203824473891e-02 8.251167075337695334e-02 2.893488923877888738e-02 5.069189883468729896e-01 1.096479940067370540e-01 7.189590396612269979e-03 1.724355037319342393e-02 3.006532912958161455e-03
5.532544019837663113e-02 9.240117574208546458e-02 5.678316762991900829e-02 4.403583178240743495e-02 8.352980523104459876e-02 2.934906681672083337e-02 4.957182195350626763e-01 1.147410263630132543e-01 7.297621278317911048e-03 1.778297721904495421e-02 3.035668204009682458e-03
5.689624389995960596e-02 9.474887009993487874e-02 5.769099616779073403e-02 4.325266536905435222e-02 8.449506639580635359e-02 2.975965558209936468e-02 4.845083373012143424e-01 1.198505150807597508e-01 7.401662109388366245e-03 1.833181638525234122e-02 3.064171608713893175e-03
5.849047413487604846e-02 9.713507434809742769e-02 5.856542926868616578e-02 4.248280220144776825e-02 8.540460906109642591e-02 3.016825773195161431e-02 4.733030101887319430e-01 1.249670483505846696e-01 7.501385445239573679e-03 1.888988155773666314e-02 3.092027711544298538e-03
6.010755213495995453e-02 9.955958747706442069e-02 5.940460089827078599e-02 4.172639270646648357e-02 8.625571812130830573e-02 3.057647931305743083e-02 4.621157223159836347e-01 1.300812906508456712e-01 7.596467459348697077e-03 1.945696707944059509e-02 3.119221843222104266e-03
6.174685743478763172e-02 1.020221716383236665e-01 6.020668609225083429e-02 4.098361710203618502e-02 8.704582100522924304e-02 3.098591578702564533e-02 4.509597468433512168e-01 1.351840071930062726e-01 7.686589122610473605e-03 2.003284767161710861e-02 3.145740109755919365e-03
6.340772796489742291e-02 1.045225514086183388e-01 6.096990606268937185e-02 4.025468401610692026e-02 8.777249966856824626e-02 3.139813784493997867e-02 4.398481202614247798e-01 1.402660877511701376e-01 7.771437406254316609e-03 2.061727819430131739e-02 3.171569421016024078e-03
6.508946023738952646e-02 1.070604130872103155e-01 6.169253325935571131e-02 3.953982896610802600e-02 8.843350206431592475e-02 3.181467755517370516e-02 4.287936175578892506e-01 1.453185698010104332e-01 7.850706504545012371e-03 2.120999344813480347e-02 3.196697518815611212e-03
6.679130962487932199e-02 1.096354040281198872e-01 6.237289637091408129e-02 3.883931270772894573e-02 8.902675303100983373e-02 3.223701492498555476e-02 4.178087283183472556e-01 1.503326608967331668e-01 7.924099073288806000e-03 2.181070801947623816e-02 3.221113004454795314e-03
6.851249073380855092e-02 1.122471320093561958e-01 6.300938525118084110e-02 3.815341946248286542e-02 8.955036454304497739e-02 3.266656495341881822e-02 4.069056338117820193e-01 1.552997602184774395e-01 7.991327480032520136e-03 2.241911617070014434e-02 3.244805365694259074e-03
7.025217787254200985e-02 1.148951646410588529e-01 6.360045575555955955e-02 3.748245503375452481e-02 9.000264526963101808e-02 3.310466524938975724e-02 3.960961851088086183e-01 1.602114792266752519e-01 8.052115061808853488e-03 2.303489177759928536e-02 3.267765003120773337e-03
7.200950561470730038e-02 1.175790288147208484e-01 6.414463447306463506e-02 3.682674482131325505e-02 9.038210939294526181e-02 3.355256428463575941e-02 3.853918822766678742e-01 1.650596613643839916e-01 8.106197386030453145e-03 2.365768831557003501e-02 3.289983255860214322e-03
7.378356945758189622e-02 1.202982101952278643e-01 6.464052333950578988e-02 3.618663174447735859e-02 9.068748463965833895e-02 3.401141034675930763e-02 3.748038546910933411e-01 1.698364007526263486e-01 8.153323510180192010e-03 2.428713889625471259e-02 3.311452426597782592e-03
7.557342657524017404e-02 1.230521527576664970e-01 6.508680411765023488e-02 3.556247408425591144e-02 9.091771948402802006e-02 3.448224125280788949e-02 3.643428425018550021e-01 1.745340598286569123e-01 8.193257235768599753e-03 2.492285635615442210e-02 3.332165805852057173e-03
7.737809666595454883e-02 1.258402583711736855e-01 6.548224273065120227e-02 3.495464325503223890e-02 9.107198948524912463e-02 3.496597487846832275e-02 3.540191792853208397e-01 1.791452858819706784e-01 8.225778352035065591e-03 2.556443339867722764e-02 3.352117695462385541e-03
7.919656289269001725e-02 1.286618864310774268e-01 6.582569343508977433e-02 3.436352151631198726e-02 9.114970272567579634e-02 3.546340055264065455e-02 3.438427759121095995e-01 1.836630264474961027e-01 8.250683864758353442e-03 2.621144279085568449e-02 3.371303431233698029e-03
8.102777291559423722e-02 1.315163535417949170e-01 6.611610282074670275e-02 3.378949963518147054e-02 9.115050432203597452e-02 3.597517136136185734e-02 3.338231056562557253e-01 1.880805435206861220e-01 8.267789205604413050e-03 2.686343761597113217e-02 3.389719404685507566e-03
8.287064001481311837e-02 1.344029332518573705e-01 6.635251362435669320e-02 3.323297451008656173e-02 9.107427998533453029e-02 3.650179739904891446e-02 3.239691905663232285e-01 1.923914265639531940e-01 8.276929417304259434e-03 2.751995158302875458e-02 3.407363083850207652e-03
8.472404430177238321e-02 1.373208558429932225e-01 6.653406834530828373e-02 3.269434676651210986e-02 9.092115861110097730e-02 3.704363999898575843e-02 3.142895891166483380e-01 1.965896042794632315e-01 8.277960310085217058e-03 2.818049939404324716e-02 3.424233033055512805e-03
8.658683401681203928e-02 1.402693081750109594e-01 6.666001265165925893e-02 3.217401833509990483e-02 9.069151388588020390e-02 3.760090696873828048e-02 3.047923851524596550e-01 2.006693551281217569e-01 8.270759584712074688e-03 2.884457716978511624e-02 3.440328931639423469e-03
8.845782691054379643e-02 1.432474335880965510e-01 6.672969856549675061e-02 3.167239002253852131e-02 9.038596490113652571e-02 3.817364884975919803e-02 2.954851781389061238e-01 2.046253165798255225e-01 8.255227917525179496e-03 2.951166293463577950e-02 3.455651591524864803e-03
9.033581170627305590e-02 1.462543318640029399e-01 6.674258741716185273e-02 3.118985908546665839e-02 9.000537577053144278e-02 3.876175621413448930e-02 2.863750747198164914e-01 2.084524930851472946e-01 8.231290003006449738e-03 3.018121716085563067e-02 3.470202973585193723e-03
9.221954964035630753e-02 1.492890592479721723e-01 6.669825255870251435e-02 3.072681681746399635e-02 8.955085425181573411e-02 3.936495800507235077e-02 2.774686815898740888e-01 2.121462627639605358e-01 8.198895549398007437e-03 3.085268337261777571e-02 3.483986202743596331e-03
9.410777607710527071e-02 1.523506285324277842e-01 6.659638182735619361e-02 3.028364615899681311e-02 8.902374937928372867e-02 3.998282092124943315e-02 2.687720996777803184e-01 2.157023828113336650e-01 8.158020222920461806e-03 3.152548880973651824e-02 3.497005581720131345e-03
9.599920219474401828e-02 1.554380092043693984e-01 6.643677975074725739e-02 2.986071933972969661e-02 8.842564811765377120e-02 4.061474983901840891e-02 2.602909196371222533e-01 2.191169936257095496e-01 8.108666536449399276e-03 3.219904515106849358e-02 3.509266603358672520e-03
9.789251673829976741e-02 1.585501276571522622e-01 6.621936948612164309e-02 2.945839556270980070e-02 8.775837105305367425e-02 4.125998926018333013e-02 2.520302186355229956e-01 2.223866216698440201e-01 8.050864678366289814e-03 3.287274929723666556e-02 3.520775961463161984e-03
9.978638783556081915e-02 1.616858674685377473e-01 6.594419448678386086e-02 2.907701873925456343e-02 8.702396714163851410e-02 4.191762576725923534e-02 2.439945584318526095e-01 2.255081810792071706e-01 7.984673277632471991e-03 3.354598421216156701e-02 3.531541560055430004e-03
1.016794648715837746e-01 1.648440697457544402e-01 6.561141988956641080e-02 2.871691528329035209e-02 8.622470754032823814e-02 4.258659146195063749e-02 2.361879847253857412e-01 2.284789740371443167e-01 7.910180101178113793e-03 3.421811982276816433e-02 3.541572520982549845e-03
1.035703804170882425e-01 1.680235335386650042e-01 6.522133361806095597e-02 2.837839197339745573e-02 8.536307854930690053e-02 4.326566835753446749e-02 2.286140277594972403e-01 2.312966899407570831e-01 7.827502679864987295e-03 3.488851397594405768e-02 3.550879189792591206e-03
1.054577522061014155e-01 1.712230163221992729e-01 6.477434719710477296e-02 2.806173389049577624e-02 8.444177369928364263e-02 4.395349368993411304e-02 2.212757041583799655e-01 2.339594033853972244e-01 7.736788859534566437e-03 3.555651345169016236e-02 3.559473139796727643e-03
1.073401851577983623e-01 1.744412345487585392e-01 6.427099627484113287e-02 2.776720243869921362e-02 8.346368502096412900e-02 4.464856610774430024e-02 2.141755199723130165e-01 2.364655709996780208e-01 7.638217273717719594e-03 3.622145503120863252e-02 3.567367174236350282e-03
1.092162734372166821e-01 1.776768642714077751e-01 6.371194084954588666e-02 2.749503345645122956e-02 8.243189353771203376e-02 4.534925269630479816e-02 2.073154749045191259e-01 2.388140271670214643e-01 7.531997734896770519e-03 3.688266661841799188e-02 3.574575326474144134e-03
1.110846025498571921e-01 1.809285418385045419e-01 6.309796519920457536e-02 2.724543542459848672e-02 8.134965902568221108e-02 4.605379678701951307e-02 2.006970676892198824e-01 2.410039786730517053e-01 7.418371541361155549e-03 3.753946841330123990e-02 3.581112858127189109e-03
1.129437514642911145e-01 1.841948646603291384e-01 6.242997751278184237e-02 2.701858777768247760e-02 8.022040908931868386e-02 4.676032649851718376e-02 1.943213025884862333e-01 2.430349983212982679e-01 7.297611696954655301e-03 3.819117413517207626e-02 3.586996255066189371e-03
1.147922947575516772e-01 1.874743920480611281e-01 6.170900922272225253e-02 2.681463932411033355e-02 7.904772760236875029e-02 4.746686395330911717e-02 1.881886969721802971e-01 2.449070175634157631e-01 7.170023041208572340e-03 3.883709229380651745e-02 3.592243221192334152e-03
3.170468257979851961e-02 5.916478144296369313e-02 3.578001504750880080e-02 6.988816265692980589e-02 7.841443666998279549e-02 1.834352932788043886e-02 6.573612446736625259e-01 3.000024267239104203e-02 6.044326325799163728e-03 1.063769852018042750e-02 2.660880082890148320e-03
3.280681926931915821e-02 6.091152501573282585e-02 3.692573734973639971e-02 6.880581581224634591e-02 8.014970044992519860e-02 1.899117893370521476e-02 6.484847299680935873e-01 3.304167265136825904e-02 6.156287888153270417e-03 1.102329368746042884e-02 2.703238974252034250e-03
3.393573298274035754e-02 6.269705431691913189e-02 3.807263853524585351e-02 6.773978914097381065e-02 8.187201050698800220e-02 1.961966616307261879e-02 6.393868867695432501e-01 3.624454615169352828e-02 6.267733747393140591e-03 1.141857845607851044e-02 2.745363229320333352e-03
3.509148154451932622e-02 6.452166529149688801e-02 3.921899241546036169e-02 6.668986475620533594e-02 8.357743356933421131e-02 2.022841093511509522e-02 6.300802976605885952e-01 3.960262646303371742e-02 6.378403177505063103e-03 1.182359730540384797e-02 2.787226881320564124e-03
3.627409159682049716e-02 6.638563082579003460e-02 4.036303477772770765e-02 6.565584708078253673e-02 8.526198370980289654e-02 2.081704682366557202e-02 6.205778214294184192e-01 4.310932557284643390e-02 6.488029990667609770e-03 1.223838415062788836e-02 2.828804041823007164e-03
3.748355756049437382e-02 6.828919969750896213e-02 4.150296697356661152e-02 6.463756407372872603e-02 8.692163569367583609e-02 2.138541507683369008e-02 6.108925627624031129e-01 4.675772435663932969e-02 6.596343056877968652e-03 1.266296181507223749e-02 2.870068933182400635e-03
3.871984063790892550e-02 7.023259552860054711e-02 4.263695967020744715e-02 6.363486827104536392e-02 8.855233883559084085e-02 2.193355752865957728e-02 6.010378415665511564e-01 5.054059366968647465e-02 6.703066864503759090e-03 1.309734150596484833e-02 2.910995921244166444e-03
3.998286786154039985e-02 7.221601574278591062e-02 4.376315675653276449e-02 6.264763764002047319e-02 9.015003130383322794e-02 2.246170845428276455e-02 5.910271620147350413e-01 5.445041626120618317e-02 6.807922121276850647e-03 1.354152229548728423e-02 2.951559548304319783e-03
4.127253119212905691e-02 7.423963052961139730e-02 4.487967939406579260e-02 6.167577624721474333e-02 9.171065480761786404e-02 2.297028542640935922e-02 5.808741814037843287e-01 5.847940942902242478e-02 6.910626394923846672e-03 1.399549060889520961e-02 2.991734566308841634e-03
4.258868667016055265e-02 7.630358181703641995e-02 4.598463020293595133e-02 6.071921474091269977e-02 9.323016959952763749e-02 2.345987923630219255e-02 5.705926789176192226e-01 6.261954833111642305e-02 7.010894792518230015e-03 1.445921972158802950e-02 3.031495970264367484e-03
4.393115362439295457e-02 7.840798225446339587e-02 4.707609757218614299e-02 5.977791064998427134e-02 9.470456972303178955e-02 2.393124294786217604e-02 5.601965243840264508e-01 6.686258986776966173e-02 7.108440677377259910e-03 1.493266926697965451e-02 3.070819031846763747e-03
4.529971394090832881e-02 8.055291420817078940e-02 4.815216008347895926e-02 5.885184850157339220e-02 9.612989843331498641e-02 2.438528015838767327e-02 5.496996471141162299e-01 7.120009704744195700e-02 7.202976422203926157e-03 1.541578475718697813e-02 3.109679333192743103e-03
4.669411139614089434e-02 8.273842877117414119e-02 4.921089103650558294e-02 5.794103976116192489e-02 9.750226371724549090e-02 2.482303254347022897e-02 5.391160049103941310e-01 7.562346374768748325e-02 7.294214196927720911e-03 1.590849711844351255e-02 3.148052800848083303e-03
4.811405105731090398e-02 8.496454478963991197e-02 5.025036306421646476e-02 5.704552259902571226e-02 9.881785383788684041e-02 2.524566676777188767e-02 5.284595533297232750e-01 8.012393978178859733e-02 7.381866789541520653e-03 1.641072224322638259e-02 3.185915739856982204e-03
4.955919875326764146e-02 8.723124790776151660e-02 5.126865282539490309e-02 5.616536148789381261e-02 1.000729528274542368e-01 2.565446084629964540e-02 5.177442152827731459e-01 8.469265618190513489e-02 7.465648458070507816e-03 1.692236056116771387e-02 3.223244867979794051e-03
5.102918061880945544e-02 8.953848963331724475e-02 5.226384576190451492e-02 5.530064663737324637e-02 1.012639558526311212e-01 2.605079004372082632e-02 5.069838510510589202e-01 8.932065060882518615e-02 7.545275811578612199e-03 1.744329663069799086e-02 3.260017350008958051e-03
5.252358271534789125e-02 9.188618642592823182e-02 5.323404090744792566e-02 5.445149327121576177e-02 1.023873843762507785e-01 2.643611240123169143e-02 4.961922287996640701e-01 9.399889279922826746e-02 7.620468717999755170e-03 1.797339875347754232e-02 3.296210832167325005e-03
5.404195073038726982e-02 9.427421881005759730e-02 5.417735573452131526e-02 5.361804075398139691e-02 1.034399010394627116e-01 2.681195398225382290e-02 4.853829956607282337e-01 9.871830996203949382e-02 7.690951236404549272e-03 1.851251861362897266e-02 3.331803476566622471e-03
5.558378975845515435e-02 9.670243051513696675e-02 5.509193102605342701e-02 5.280045157449696214e-02 1.044183241897562175e-01 2.717989392885758471e-02 4.745696494601324700e-01 1.034698120363877344e-01 7.756452571171894989e-03 1.906049094379425393e-02 3.366773995703677483e-03
5.714856416546504336e-02 9.917062764455254753e-02 5.597593575787362247e-02 5.199891019366414263e-02 1.053196419817221396e-01 2.754154942165969872e-02 4.637655111572263622e-01 1.082443167255091460e-01 7.816708045325405224e-03 1.961713322001229845e-02 3.401101686969500507e-03
5.873569753864651966e-02 1.016785778759271841e-01 5.682757197814259503e-02 5.121362176466587313e-02 1.061410259783194671e-01 2.789856063515532697e-02 4.529836980623285769e-01 1.130327742220290227e-01 7.871460090255388495e-03 2.018224538733322249e-02 3.434766467137317664e-03
6.034457272366733349e-02 1.042260096946844433e-01 5.764507966969950603e-02 5.044481073414892186e-02 1.068798441840058400e-01 2.825257578017578361e-02 4.422370978966649879e-01 1.178261915430290352e-01 7.920459248848883693e-03 2.075560961819450378e-02 3.467748906815589297e-03
6.197453195050992014e-02 1.068126116630339351e-01 5.842674158141181184e-02 4.969271933318330364e-02 1.075336734420118123e-01 2.860523632348106055e-02 4.315383437519865195e-01 1.226156563952024298e-01 7.963465188941183312e-03 2.133699010537539603e-02 3.500030264820082424e-03
6.362487704920608000e-02 1.094380317264242730e-01 5.917088801426709926e-02 4.895760596704684664e-02 1.081003111326012123e-01 2.895816247270543292e-02 4.208997900068589537e-01 1.273923604930236875e-01 8.000247723919367421e-03 2.192613289144600477e-02 3.531592522440111202e-03
6.529486975648790548e-02 1.121018765597136396e-01 5.987590154843426549e-02 4.823974351320120535e-02 1.085777861110430176e-01 2.931293901239726690e-02 4.103334892507445875e-01 1.321476222567150582e-01 8.030587837173083082e-03 2.252276573645588947e-02 3.562418417562028712e-03
6.698373211397486149e-02 1.148037109549739643e-01 6.054022169716007790e-02 4.753941753693836231e-02 1.089643688285788226e-01 2.967110157385248123e-02 3.998511702644489407e-01 1.368729088187541909e-01 8.054278707029332435e-03 2.312659802562755731e-02 3.592491478607239084e-03
6.869064695825563560e-02 1.175430572529999190e-01 6.116234947393794918e-02 4.685692443437867311e-02 1.092585805833202889e-01 3.003412341815953415e-02 3.894642171005710529e-01 1.415598572726581572e-01 8.071126728728185082e-03 2.373732071872958899e-02 3.621796058246466721e-03
7.041475850298298256e-02 1.203193948206777719e-01 6.174085185919298002e-02 4.619256951255731880e-02 1.094592018520822718e-01 3.040340280773822651e-02 3.791836493048249546e-01 1.462002951005391405e-01 8.080952529905365000e-03 2.435460634265469368e-02 3.650317366845412699e-03
7.215517301282420304e-02 1.231321595760602600e-01 6.227436615323311137e-02 4.554666501641772836e-02 1.095652796590221301e-01 3.078025103740991697e-02 3.690201033143354348e-01 1.507862597201841959e-01 8.083591976021013356e-03 2.497810902881400161e-02 3.678041505587149786e-03
7.391095956867820005e-02 1.259807435632444572e-01 6.276160420238878490e-02 4.491952811253718814e-02 1.095761339413252738e-01 3.116588119131858889e-02 3.589838150652778226e-01 1.553100170972231409e-01 8.078897162121425474e-03 2.560746459663673993e-02 3.704955499227739670e-03
7.568115092343111194e-02 1.288644945787879859e-01 6.320135648542105078e-02 4.431147883920619202e-02 1.094913628773444003e-01 3.156139768666969131e-02 3.490846038378877525e-01 1.597640793709177165e-01 8.066737387287923125e-03 2.624229068457356248e-02 3.731047328421192508e-03
7.746474444715889529e-02 1.317827158518521946e-01 6.359249604809905088e-02 4.372283803284114645e-02 1.093108471478019539e-01 3.196778666022333931e-02 3.393318573640807800e-01 1.641412214484508636e-01 8.047000108130338350e-03 2.688218692976874005e-02 3.756305961557735926e-03
7.926070316029974749e-02 1.347346657795196467e-01 6.393398227360697073e-02 4.315392524002272662e-02 1.090347531056835018e-01 3.238590724714093122e-02 3.297345182170307032e-01 1.684344965254343518e-01 8.019591867623427489e-03 2.752673519751550404e-02 3.780721386055054586e-03
8.106795685322037981e-02 1.377195577194327003e-01 6.422486447749396754e-02 4.260505662483440870e-02 1.086635348359987208e-01 3.281648379650953934e-02 3.203010714996661901e-01 1.726372504966761645e-01 7.984439195678628975e-03 2.817549986143432633e-02 3.804284639025331139e-03
8.288540329008074747e-02 1.407365598412523844e-01 6.446428531591300026e-02 4.207654288061005859e-02 1.081979350921081773e-01 3.326009906086246221e-02 3.110395338443970314e-01 1.767431352245375231e-01 7.941489477762297966e-03 2.882802813522844509e-02 3.826987837257826014e-03
8.471190949476567478e-02 1.437847950386783868e-01 6.465148399669728985e-02 4.156868715520144891e-02 1.076389851007341081e-01 3.371718839153648589e-02 3.019574437325101002e-01 1.807461206386810348e-01 7.890711787978496594e-03 2.948385045675613880e-02 3.848824206431119416e-03
8.654631311633771695e-02 1.468633409036164128e-01 6.478579928318184411e-02 4.108178299860888727e-02 1.069880032334657033e-01 3.418803496438078959e-02 2.930618531382127578e-01 1.846405056446528137e-01 7.832097683070613631e-03 3.014248092493541226e-02 3.869788109486570725e-03
8.838742387104978060e-02 1.499712297641172809e-01 6.486667228138777441e-02 4.061611234139715643e-02 1.062465925478274925e-01 3.467276605443180004e-02 2.843593204976437860e-01 1.884209278242522101e-01 7.765661953800951506e-03 3.080341778996524560e-02 3.889875074067079830e-03
9.023402505795957707e-02 1.531074487872330636e-01 6.489364900171436246e-02 4.017194351227845045e-02 1.054166372068197355e-01 3.517135037121767865e-02 2.758559050007718949e-01 1.920823719156245502e-01 7.691443330284699828e-03 3.146614399708407700e-02 3.909081818947542607e-03
9.208487514463212231e-02 1.562709401486732652e-01 6.486638268693856180e-02 3.974952930269712303e-02 1.045002977911777542e-01 3.568359645983493200e-02 2.675571621990653348e-01 1.956201770656330607e-01 7.609505137921530882e-03 3.213012778401799774e-02 3.927406279353473986e-03
9.393870941929230445e-02 1.594606012700262587e-01 6.478463589911324927e-02 3.934910508596754786e-02 1.035000055235772015e-01 3.620915216662835834e-02 2.594681409194240507e-01 1.990300428521047937e-01 7.519935900678767840e-03 3.279482333208826733e-02 3.944847631083128921e-03
9.579424170569537933e-02 1.626752851251401233e-01 6.464828235834754744e-02 3.897088699835393744e-02 1.024184554296773270e-01 3.674750516148678897e-02 2.515933814705361149e-01 2.023080340781502340e-01 7.422849888526253902e-03 3.345967147073227593e-02 3.961406313334371251e-03
9.765016613633699383e-02 1.659138006164578849e-01 6.445730852749172179e-02 3.861507018871851438e-02 1.012585984657151938e-01 3.729798450290631312e-02 2.439369151253277246e-01 2.054505843457327119e-01 7.318387606016248451e-03 3.412410043511359542e-02 3.977084050129772383e-03
