3.138003637578739430e-02 1.160423847286193647e-02 5.170346438713127601e-03 4.593427969711854492e-02 7.878512230524163662e-02 4.816556674768798785e-01 1.203796578339306617e-01 2.441115899673607439e-02 1.772801115693909690e-01 1.476930882142597073e-02 8.630072011854466110e-03
3.163049331089634597e-02 1.005486201966116454e-02 4.026180192024221040e-03 4.974304944193084360e-02 7.906816628369586764e-02 4.686940741423389900e-01 1.306069175054147546e-01 2.607570445756911270e-02 1.763857070038151731e-01 1.514057102056174525e-02 8.574274621991957723e-03
3.177285542270695540e-02 8.601137579022774191e-03 3.124754748723608706e-03 5.422566464475803844e-02 7.990322583781711563e-02 4.533146277357104625e-01 1.409710210288381560e-01 2.869304307969371137e-02 1.754136183744767485e-01 1.545119132563193068e-02 8.528860222548062531e-03
3.180873702980659828e-02 7.255217301046130302e-03 2.451912606227799832e-03 5.923528251842928583e-02 8.136419147865868451e-02 4.357273281700412837e-01 1.512571010389454351e-01 3.238403344770168779e-02 1.743233786402403063e-01 1.569884055709517764e-02 8.493977211702872024e-03
3.174021139333499386e-02 6.026463430567487178e-03 1.997062869282725198e-03 6.462000725781207044e-02 8.351272750747038010e-02 4.161907049621092480e-01 1.612359848809976348e-01 3.725441413452099115e-02 1.730710749783342939e-01 1.588171224056367237e-02 8.469636344925528249e-03
3.156971167517308441e-02 4.921997535447173583e-03 1.753670020277953070e-03 7.022929472483377400e-02 8.639419060829675590e-02 3.950049578898888192e-01 1.706715781631525097e-01 4.338876279555862331e-02 1.716115745856880148e-01 1.599854238021609573e-02 8.455719621403965172e-03
3.130003738311590983e-02 3.947171935409569433e-03 1.719427766360819140e-03 7.592037013461314099e-02 9.003404830481767651e-02 3.725034067807529992e-01 1.793292930186970446e-01 5.084468791147928046e-02 1.699009200027996047e-01 1.604864614866415712e-02 8.451990613213897566e-03
3.093445606635936845e-02 3.105908167111992753e-03 1.896109469172351349e-03 8.156440986686661065e-02 9.443503035149578007e-02 3.490426125213373365e-01 1.869850530477595030e-01 5.964756525557249334e-02 1.678987786963785367e-01 1.603197073001347284e-02 8.458105827851626277e-03
3.047687749039093910e-02 2.400867192918959992e-03 2.289105559437766124e-03 8.705223682021265286e-02 9.957521158830170971e-02 3.249916047842174027e-01 1.934343663700314186e-01 6.978611269222506630e-02 1.655708291162527601e-01 1.594916154109600123e-02 8.473626844829159482e-03
2.993206749880636397e-02 1.833439861896347988e-03 2.906676605988071753e-03 9.229928326204581146e-02 1.054071769446909002e-01 3.007207094124972335e-01 1.985009449399225412e-01 8.120906102533791138e-02 1.628909702208929389e-01 1.580163710533824539e-02 8.498033122506225973e-03
2.930586240533865350e-02 1.403570407375882628e-03 3.758966567615787575e-03 9.724959152233320081e-02 1.118583619365114828e-01 2.765904932241748382e-01 2.020443681843713257e-01 9.382313322623708762e-02 1.598432507439196126e-01 1.559166623872598398e-02 8.530735543304655832e-03
2.860534294180578502e-02 1.109448771046997375e-03 4.856833537934625300e-03 1.018786469321893567e-01 1.188325977158930374e-01 2.529413453130454625e-01 2.039663375175351789e-01 1.074924871135775895e-01 1.564234292379879931e-01 1.532244003913461189e-02 8.571090879814884100e-03
2.783892966599860533e-02 9.471260634446766616e-04 6.210563947656070477e-03 1.061948734707065661e-01 1.262128230075740820e-01 2.300841810027240142e-01 2.042151460802611451e-01 1.220397155327385408e-01 1.526400932323126458e-01 1.499813054431616346e-02 8.618417452171660970e-03
2.701636915420891141e-02 9.101199561642468782e-04 7.828540930854579333e-03 1.102396681288776437e-01 1.338648612277427152e-01 2.082926914164954235e-01 2.027880884051735388e-01 1.372484353981587857e-01 1.485152852154907333e-01 1.462392790489778702e-02 8.672012261877765776e-03
2.614859152083321564e-02 9.890816467596219314e-04 9.715937448499722615e-03 1.140859039350394788e-01 1.416420993946266860e-01 1.877974791947577826e-01 1.997316533583003428e-01 1.528674307212668504e-01 1.440846044592905828e-01 1.420604848899845174e-02 8.731169831606589576e-03
2.524743362924165152e-02 1.171592716854710520e-03 1.187350103091524244e-02 1.178348950742087869e-01 1.493908548408582615e-01 1.687823103854685924e-01 1.951394725763211657e-01 1.686162553649884766e-01 1.393967739954116714e-01 1.375170751299640073e-02 8.795202872622465834e-03
2.432523741261021638e-02 1.442149152536066235e-03 1.429648959799476038e-02 1.216118849916949241e-01 1.569561750628209740e-01 1.513825933577024885e-01 1.891481286276811280e-01 1.841921425138716706e-01 1.345126830844078358e-01 1.326905149510519688e-02 8.863464703482797774e-03
2.339434725354581912e-02 1.782372099977965309e-03 1.697380782874235647e-02 1.255601905503593019e-01 1.641877896121698432e-01 1.356860674708567083e-01 1.819310518731846182e-01 1.992780178949855596e-01 1.295039343572418067e-01 1.276704792364258961e-02 8.935373135268953951e-03
2.246654302927404701e-02 2.171462484251529806e-03 1.988738106560799038e-02 1.298342054755576569e-01 1.709459197120720420e-01 1.217355628935549716e-01 1.736908479978981901e-01 2.135513661656383566e-01 1.244509439053259059e-01 1.225533200847272498e-02 9.010435262275262938e-03
2.155245460007284078e-02 2.586891905090552002e-03 2.301179133458697290e-02 1.345915335975149119e-01 1.771066565975227269e-01 1.095335762616691383e-01 1.646504863226619375e-01 2.266936657952912659e-01 1.194406582813980627e-01 1.174401295672620332e-02 9.088272347441772939e-03
2.066100829813093120e-02 3.005297692853904114e-03 2.631418669925554565e-02 1.399845808810699088e-01 1.825666374559694605e-01 9.904831369213723535e-02 1.550438412284300960e-01 2.384000782727481449e-01 1.145639672014907851e-01 1.124344482269702510e-02 9.168643755129204584e-03
1.979895593493088621e-02 3.403528211797888971e-03 2.975446280348241490e-02 1.461519802779569221e-01 1.872467810581183723e-01 9.022078231070441989e-02 1.451061095439308835e-01 2.483890579976478219e-01 1.099129036841103024e-01 1.076396950446737236e-02 9.251468672785541358e-03
1.897053151549710909e-02 3.759767752560207957e-03 3.328570511641958801e-02 1.532102541774492954e-01 1.910948919715414196e-01 8.297246765445101535e-02 1.350646203206206097e-01 2.564115435697445489e-01 1.055777321117489786e-01 1.031564153693385888e-02 9.336844272990797028e-03
1.817727129791043769e-02 4.054660020640263665e-03 3.685487168584793832e-02 1.612461278753970495e-01 1.940869981997125349e-01 7.721312414286986281e-02 1.251305164248016633e-01 2.622593929929419865e-01 1.016440323660635775e-01 9.907946079698989536e-03 9.425058914080844050e-03
1.741801939531878798e-02 4.272346438234914286e-03 4.040369028299251042e-02 1.703098963435771274e-01 1.962273514011562414e-01 7.284822407682380041e-02 1.154917173844117739e-01 2.657727421690629921e-01 9.818989090229425509e-02 9.549522528580942429e-03 9.516599077448487445e-03
1.668912548836550339e-02 4.401340193422680763e-03 4.386974045742643435e-02 1.804102117775372438e-01 1.975470872167391367e-01 6.978565793267622885e-02 1.063074784220240376e-01 2.668459938821257649e-01 9.528330912665319841e-02 9.247906567600378339e-03 9.612148935396681165e-03
1.598482476842322600e-02 4.435168602588924688e-03 4.718769036835648162e-02 1.915106013194382006e-01 1.981016128945447263e-01 6.794134891590164482e-02 9.770474828914439691e-02 2.654321853744411874e-01 9.297993469050631898e-02 9.009303046107849933e-03 9.712581730491552309e-03
1.529777441718057143e-02 4.372733629679830154e-03 5.029065977524017905e-02 2.035279481915099609e-01 1.979668559542004935e-01 6.724353307072482300e-02 8.977640512991946764e-02 2.615455349095341386e-01 9.132121148126334798e-02 8.838400867104913641e-03 9.818942573548733455e-03
1.461970743816174562e-02 4.218361518496445764e-03 5.311168332817339105e-02 2.163330733511155957e-01 1.972345683869443922e-01 6.763555470710924666e-02 8.258132835921247472e-02 2.552620306026137098e-01 9.033303049614904712e-02 8.738239111773462089e-03 9.932422700211924679e-03
1.394215449107064769e-02 3.981535452910787455e-03 5.558525222996993365e-02 2.297534502385187027e-01 1.960069318510321013e-01 6.907712881093680535e-02 7.614614940455781411e-02 2.467179956472011493e-01 9.002494505774737144e-02 8.710131055486795143e-03 1.005432576047286461e-02
1.325717860113761332e-02 3.676327876428948579e-03 5.764891584959454945e-02 2.435779718644223713e-01 1.943907482566442635e-01 7.154411921049891321e-02 7.046842844300384157e-02 2.361066411722405611e-01 9.038999193001860666e-02 8.753649616398294017e-03 1.018602717954628610e-02
1.255806649864425750e-02 3.320569696219793834e-03 5.924492700003727852e-02 2.575635797174972152e-01 1.924915238974134468e-01 7.502696837188101153e-02 6.552093093802908996e-02 2.236726967825886647e-01 9.140513455091442419e-02 8.866674452342175605e-03 1.032892809434528963e-02
1.183992398728975735e-02 2.934810495940164306e-03 6.032191464297168709e-02 2.714434619852081343e-01 1.904077628342415451e-01 7.952798570915536880e-02 6.125663324323596393e-02 2.097052862562836517e-01 9.303231756523867857e-02 9.045497544848367377e-03 1.048440573554093071e-02
1.110013076943774067e-02 2.541136054247095360e-03 6.083656528128397745e-02 2.849364401287461934e-01 1.882257758219643140e-01 8.505775198253616443e-02 5.761407290662137054e-02 1.945292897698674139e-01 9.522009409782233869e-02 9.284980851198030433e-03 1.065376233620108672e-02
1.033862150984376366e-02 2.161916221622252506e-03 6.075528815202067834e-02 2.977570999214632086e-01 1.860152838773974637e-01 9.163092851658846683e-02 5.452267423263268409e-02 1.784954953443891046e-01 9.790576047712473695e-02 9.578756947845837311e-03 1.083817479900305546e-02
9.557973968096857009e-03 1.818557710478570016e-03 6.005583037580951994e-02 3.096261801145930859e-01 1.838260533377652772e-01 9.926176739267722482e-02 5.190772338926671892e-02 1.619698966647151461e-01 1.010179084248835346e-01 9.919461381007589271e-03 1.103864724062031399e-02
8.763300035881532030e-03 1.530332717764780037e-03 5.872879650749167346e-02 3.202807241388119786e-01 1.816857421429733388e-01 1.079596091678829972e-01 4.969473062735121904e-02 1.453225276982494651e-01 1.044792843285520523e-01 1.029898423719577578e-02 1.125596839774367641e-02
7.961950685471064215e-03 1.313346567787129337e-03 5.677901426422503339e-02 3.294835167028649647e-01 1.795990699085298903e-01 1.177246259186534721e-01 4.781299707549029054e-02 1.289162460222804119e-01 1.082098294586089082e-01 1.070872789546997543e-02 1.149067550056403347e-02
7.163059603584766635e-03 1.179696508809083017e-03 5.422667505195703785e-02 3.370313754842818588e-01 1.775483494596889755e-01 1.285440278542336334e-01 4.619828944109096586e-02 1.130958767070663340e-01 1.121297656017355149e-01 1.113985845693364618e-02 1.174302583055939105e-02
6.376961792609069958e-03 1.136860620998615982e-03 5.110816689795815576e-02 3.427619400099470859e-01 1.754953400062041202e-01 1.403889037859068489e-01 4.479461128756792587e-02 9.817811121381449235e-02 1.161625880161750723e-01 1.158353965507804943e-02 1.201297671366355173e-02
5.614531944544263846e-03 1.187341554946251456e-03 4.747651122317943229e-02 3.465586902772078703e-01 1.733843067188309550e-01 1.532118124802918924e-01 4.355513685615300390e-02 8.444252327709056427e-02 1.202378315944469950e-01 1.203113991117680907e-02 1.230017416208983513e-02
4.886492088495606768e-03 1.328575440298798097e-03 4.340131313969179672e-02 3.483540336215965594e-01 1.711461020377542386e-01 1.669451931559061963e-01 4.244243533613593217e-02 7.212401142693869449e-02 1.242934878822173905e-01 1.247440586569486913e-02 1.260395000517810365e-02
4.202739157945349982e-03 1.553102653523976903e-03 3.896814259480678444e-02 3.481304065216124233e-01 1.687030261455243763e-01 1.815006143345118395e-01 4.142815720588133299e-02 6.140691873835650572e-02 1.282779674160157424e-01 1.290559835064354968e-02 1.292332688112224175e-02
3.571740324906407665e-03 1.848984716751989488e-03 3.427727872081277882e-02 3.459194465914201544e-01 1.659741802738288474e-01 1.967688415863294016e-01 4.049237560341534259e-02 5.242100731276644332e-02 1.321515249110382095e-01 1.331758973744054039e-02 1.325703022123732831e-02
3.000037831178094770e-03 2.200440953150632328e-03 2.944177442934001881e-02 3.417993868592852924e-01 1.628810004766641506e-01 2.126206737145000525e-01 3.962277560135130799e-02 4.523938793941741782e-02 1.358870918066014122e-01 1.370392419644057141e-02 1.360350619196071427e-02
2.491896169021338113e-03 2.588669671339384297e-03 2.458483165675993606e-02 3.358909066034604374e-01 1.593526528119119101e-01 2.289084724733739529e-01 3.881386404980956273e-02 3.987842802460798974e-02 1.394704893833947634e-01 1.405884472905803186e-02 1.396094442721778142e-02
2.049113368951722882e-03 2.992811914890393648e-03 1.983651705486456571e-02 3.283517338055023660e-01 1.553309834720975613e-01 2.454682989112678682e-01 3.806633574400045128e-02 3.629958198212351883e-02 1.429000265475381670e-01 1.437729268585584072e-02 1.432730451284137951e-02
1.671005925147428213e-03 3.391010996520677466e-03 1.532989311443076069e-02 3.193703320331221507e-01 1.507747493190181587e-01 2.621225603743510546e-01 3.738668383024348896e-02 3.441301724081764768e-02 1.461855154396471124e-01 1.465488652545514706e-02 1.470034520121243742e-02
1.354564201452451450e-03 3.761518274809596239e-03 1.119668453217730585e-02 3.091590169966617618e-01 1.456629019970800687e-01 2.786830730973213210e-01 3.678708833195747097e-02 3.408284390287122378e-02 1.493467658735607717e-01 1.488788718668830093e-02 1.507765560533242365e-02
1.094763088148139512e-03 4.083794615971003336e-03 7.562643753746924220e-03 2.979468395853631657e-01 1.399967606079835780e-01 2.949544447924261625e-01 3.628556336140277561e-02 3.513370242829727541e-02 1.524116428183168448e-01 1.507315724479270196e-02 1.545668770349241904e-02
8.850018439077813898e-04 4.339558024719804633e-03 4.542815848157639134e-03 2.859725409215877479e-01 1.338009779292489432e-01 3.107376879514400225e-01 3.590629599529944482e-02 3.735842076350735091e-02 1.554137907157415732e-01 1.520812027334293715e-02 1.583478973294621603e-02
7.176383283360791799e-04 4.513730574980643478e-03 2.236929708089191796e-03 2.734778397908040892e-01 1.271232792521800048e-01 3.258339787858291481e-01 3.568007247723244818e-02 4.052642327249049436e-02 1.583901418939906991e-01 1.529072572329410497e-02 1.620924019270405039e-02
5.845767214277628604e-04 4.595242193010277282e-03 7.251565757419402552e-04 2.607012586511482932e-01 1.200330270242179198e-01 3.400484785640531804e-01 3.564466420316966810e-02 4.439255733238137158e-02 1.613783335184905410e-01 1.531942303501237015e-02 1.657728218131670692e-02
4.778646624023131129e-04 4.577654944467087449e-03 6.447418616641525718e-05 2.478726321271885746e-01 1.126187307022491479e-01 3.531941400540230536e-01 3.584503753991684361e-02 4.870600126821283959e-02 1.644141594399245176e-01 1.529314712360081707e-02 1.693615795176901806e-02
3.902558507353336300e-04 4.459579002624911546e-03 2.858569749034272690e-04 2.352083851987370189e-01 1.049846794837651504e-01 3.650954201824286316e-01 3.633325925013146385e-02 5.321892718060546035e-02 1.675291778961314482e-01 1.521131557400999534e-02 1.728314340585517320e-02
3.156973724808347331e-04 4.244860322448949091e-03 1.392477551540463078e-03 2.229076139631697151e-01 9.724691808810705107e-02 3.755918229726737390e-01 3.716799030470442633e-02 5.769461486838332875e-02 1.707485858937946022e-01 1.507383640872226802e-02 1.761558225390175494e-02
2.497072050645785988e-04 3.942529882910495755e-03 3.359055507977242415e-03 2.111489585774810052e-01 8.952881301556596394e-02 3.845411972589080074e-01 3.841349335004642929e-02 6.191474633961210894e-02 1.740894554661696347e-01 1.488112394613589490e-02 1.793091945006573470e-02
1.896160271387350884e-04 3.566514913939833331e-03 6.132428476475732665e-03 2.000882270043182476e-01 8.195646707184962854e-02 3.918227151802416985e-01 4.013811921720604470e-02 6.568565253250482905e-02 1.775594070081839559e-01 1.463411923813194744e-02 1.822673332995162696e-02
1.346579864276615537e-04 3.135123228121036460e-03 9.633351963422945655e-03 1.898567073927228122e-01 7.465423183578150101e-02 3.973394626330143398e-01 4.241228100936331180e-02 6.884333458802381622e-02 1.811557724607551489e-01 1.433431102080730095e-02 1.850076588150513512e-02
8.590670206395949931e-05 2.670322348787538061e-03 1.375946294011001596e-02 1.805601009979067861e-01 6.774054578988079889e-02 4.010205785560378988e-01 4.530596696618666153e-02 7.125713674659835128e-02 1.848652756720953194e-01 1.398375288739724803e-02 1.875095039285691947e-02
4.606461295449779152e-05 2.196844870372772866e-03 1.838927368115377686e-02 1.722780081655364559e-01 6.132428904505356909e-02 4.028228903911555969e-01 4.888588130232481704e-02 7.283200739650248778e-02 1.886642321178111370e-01 1.358507259953843638e-02 1.897543581757291445e-02
1.912493749105095093e-05 1.741160130229158680e-03 2.338700061351257214e-02 1.650639103420277198e-01 5.550180066789519445e-02 4.027320050543026775e-01 5.321233294356512988e-02 7.350934367610523212e-02 1.925192445218796289e-01 1.314146997596812860e-02 1.917260713692921573e-02
9.935102630388649610e-06 1.330359151757319960e-03 2.860798390689504520e-02 1.589456032603174529e-01 5.035465258749086126e-02 4.007628303103855649e-01 5.833601300818289093e-02 7.326647320048136625e-02 1.963883476379265913e-01 1.265670066744576175e-02 1.934110116640752608e-02
2.369777980791578455e-05 9.910046926906558931e-04 3.390442013677530397e-02 1.539260498604479999e-01 4.594822069936509157e-02 3.969595179134991492e-01 6.429481264742917257e-02 7.211487992775686418e-02 2.002225347765099195e-01 1.213504415734962746e-02 1.947981740830656908e-02
6.545003386114310205e-05 7.480008316320067158e-04 3.913111415923944958e-02 1.499846330475248235e-01 4.233104314314205252e-02 3.913948372195740766e-01 7.111083301443014981e-02 7.009732794630003927e-02 2.039675813875564403e-01 1.158125551854384365e-02 1.958792369812813530e-02
1.395621846822778288e-04 6.235364349877046573e-04 4.415096108867236357e-02 1.470787934683243370e-01 3.953490904495697567e-02 3.841690040425518315e-01 7.878773072306552439e-02 6.728407519924739510e-02 2.075660694956089070e-01 1.100050160662775951e-02 1.966485671120882586e-02
2.492957018232547488e-04 6.361543486817893825e-04 4.883988998725056346e-02 1.451460389577570453e-01 3.757558456743674558e-02 3.754080049440098321e-01 8.730852491257547199e-02 6.376839655097681081e-02 2.109595089088262820e-01 1.039828358971670551e-02 1.971031753089285896e-02
3.964539907749370894e-04 7.999929069613120631e-04 5.309104097592177302e-02 1.441063052395023247e-01 3.645405492051336654e-02 3.652614677427699075e-01 9.663397107961149701e-02 5.966165113056436792e-02 2.140904506114570671e-01 9.780348610539408433e-03 1.972426279130956930e-02
5.811517276139683370e-04 1.124238842807667249e-03 5.681799853275130985e-02 1.438646367386499647e-01 3.615814547320821137e-02 3.539001377695547568e-01 1.067015814033718396e-01 5.508813195150004394e-02 2.169044913549356413e-01 9.152594197535245113e-03 1.970689200798235105e-02
8.017181731555943387e-04 1.612820934398851748e-03 5.995696590318728980e-02 1.443141404761226765e-01 3.666437956675629162e-02 3.415130231716833054e-01 1.174253455182584505e-01 5.017992645981283334e-02 2.193520783931652840e-01 8.520969511165134291e-03 1.965863189221019741e-02
1.054738531063315662e-03 2.264362295185261449e-03 6.246783175313888603e-02 1.453391489298286043e-01 3.793993594791443547e-02 3.283042724852726080e-01 1.286961807367891786e-01 4.507199552639166995e-02 2.213900376248460478e-01 7.891377668401184861e-03 1.958011850111751259e-02
1.335225850121036714e-03 3.072396418710364799e-03 6.433414563378089812e-02 1.468185111274259158e-01 3.994458288850324945e-02 3.144898459001977953e-01 1.403831165049625185e-01 3.989764801325192817e-02 2.229827663088154166e-01 7.269583303820320065e-03 1.947217805032619778e-02
1.636905316525763196e-03 4.025838689155713732e-03 6.556208105665010943e-02 1.486289176445225735e-01 4.263248685211321054e-02 3.002940342577155031e-01 1.523351982281916650e-01 3.478454890725483917e-02 2.241030528769167030e-01 6.661128972715331560e-03 1.933580719814132626e-02
1.952583827796796311e-03 5.109691401069297104e-03 6.617851659775844664e-02 1.506481564485080971e-01 4.595381897532467563e-02 2.859458757356814762e-01 1.643840754788213621e-01 2.985135660827637621e-02 2.247325080862619673e-01 6.071263388891070742e-03 1.917215345155708420e-02
2.274571397302413596e-03 6.305947343204033016e-03 6.622840669776483558e-02 1.527581943572651202e-01 4.985611018833106811e-02 2.716755127069134246e-01 1.763472235805400579e-01 2.520503980331798358e-02 2.248616142088279146e-01 5.504883496245590105e-03 1.898249622025355993e-02
2.595117664669959346e-03 7.594645338314514119e-03 6.577164024751511184e-02 1.548479841905617271e-01 5.428533417921335702e-02 2.577105246443746056e-01 1.880317327935247529e-01 2.093888102598060949e-02 2.244894197681033821e-01 4.966491279808197407e-03 1.876822886785926500e-02
2.906826836142911361e-03 8.955021169718753449e-03 6.487959670249678068e-02 1.568159090189437110e-01 5.918672225323655389e-02 2.442722730481617088e-01 1.992385827946390742e-01 1.713113628230798768e-02 2.236229247765372796e-01 4.460165206788557941e-03 1.853084191094506866e-02
3.203017764638860752e-03 1.036669032010821556e-02 6.363160700595618668e-02 1.585717935861930827e-01 6.450533730522910181e-02 2.315722909306207333e-01 2.097673064745515237e-01 1.384428833658667146e-02 2.222762158286591960e-01 3.989545040293841771e-03 1.827190740709058042e-02
3.478002160792912842e-03 1.181079477077841798e-02 6.211151015485955745e-02 1.600384350880539042e-01 7.018645112639985972e-02 2.198087543052174297e-01 2.194209308448124285e-01 1.112480984055008205e-02 2.204694193759537957e-01 3.557827931442221481e-03 1.799306440106063568e-02
3.727262561991270644e-03 1.327104590739277418e-02 6.040446938704003427e-02 1.611526311242381382e-01 7.617578216630244148e-02 2.091630762334468485e-01 2.280110681866344136e-01 9.003340426586448758e-03 2.182275457876806657e-01 3.167772954350598236e-03 1.769600526426531872e-02
3.947521763815955639e-03 1.473459877463069445e-02 5.859417656424729254e-02 1.618657076955168916e-01 8.241965615970529846e-02 1.997966742911337079e-01 2.353630143763877081e-01 7.495181154172241011e-03 2.155792955754221585e-01 2.821710937652337995e-03 1.738246270724298423e-02
4.136706065918363193e-03 1.619270057278299549e-02 5.676053295043567704e-02 1.621435744553607894e-01 8.886515374756827346e-02 1.918479678173964087e-01 2.413206998627827338e-01 6.601017378481005039e-03 2.125558935625400658e-01 2.521556310501204060e-03 1.705419727615580666e-02
4.293814827755560240e-03 1.764106737355967264e-02 5.497785266722285402e-02 1.619663545350510381e-01 9.546030388782360265e-02 1.854296711221267158e-01 2.457513282877118455e-01 6.307797420696486732e-03 2.091900067045054934e-01 2.268817979374106782e-03 1.671298519410125902e-02
4.418717567367720471e-03 1.907995735856252151e-02 5.331359456862790058e-02 1.613276515396377120e-01 1.021543715375981265e-01 1.806264561967289295e-01 2.485495334201021644e-01 6.589715674111003459e-03 2.055147887903845672e-01 2.064606847810626037e-03 1.636060649902673636e-02
4.511906379850034662e-03 2.051392632135773733e-02 5.182759187246561289e-02 1.602335263010009336e-01 1.088982752303559870e-01 1.774930611073718689e-01 2.496408881313146311e-01 7.409272374001846587e-03 2.015630804326737913e-01 1.909638348382626744e-03 1.599883350112932257e-02
4.574235172120274043e-03 2.195126978605595885e-02 5.057171902003457925e-02 1.587012594832319656e-01 1.156451518875566686e-01 1.760529221648743925e-01 2.489846095111787616e-01 8.718405377750508209e-03 1.973667785045298828e-01 1.804229397115680042e-03 1.562941969550750779e-02
4.606677853919429952e-03 2.340317585889226462e-02 4.958991315610787598e-02 1.567579746313633726e-01 1.223510675159811961e-01 1.762974031192329483e-01 2.465753245921374348e-01 1.045970870422424821e-02 1.929563750755864115e-01 1.748290183431260199e-03 1.525408930910584007e-02
4.610135103892670956e-03 2.488263196844890668e-02 4.891845440632772157e-02 1.544391899386196310e-01 1.289758519696611594e-01 1.781856860729809644e-01 2.424437901155069575e-01 1.256776608172192888e-02 1.883606544114688197e-01 1.741312223967289227e-03 1.487452770734122576e-02
4.585313972252586315e-03 2.640314586308779160e-02 4.858640456353710557e-02 1.517873572837904195e-01 1.354840156240855742e-01 1.816453750533663092e-01 2.366564984097030699e-01 1.497063321661710675e-02 1.836065281649942871e-01 1.782354965753784335e-03 1.449237288278693025e-02
4.532696827126850639e-03 2.797735581056188386e-02 4.861610778793047649e-02 1.488504354540734209e-01 1.418456882436768540e-01 1.865738448696018792e-01 2.293141456806357115e-01 1.759149974170845510e-02 1.787189835289443862e-01 1.870033838698662498e-03 1.410920821696070790e-02
4.452606847179441628e-03 2.961561504680559898e-02 4.902366783750364276e-02 1.456805320773053580e-01 1.480375045186200222e-01 1.928403461616773895e-01 2.205489900460922414e-01 2.035055011700348179e-02 1.737211177406664253e-01 2.002512981003345960e-03 1.372655662610011706e-02
4.345367115409818140e-03 3.132464125012183326e-02 4.981933339294249141e-02 1.423326369322528984e-01 1.540433510568582076e-01 2.002888528597595863e-01 2.105211771925528386e-01 2.316702428000172106e-02 1.686342339289929326e-01 2.177505861162776224e-03 1.334587612990344348e-02
4.211540470062633511e-03 3.310632166121918463e-02 5.100774365116566428e-02 1.388634588422442417e-01 1.598548845360058535e-01 2.087416120111442175e-01 1.994141629824157658e-01 2.596145456778728780e-02 1.634779778183464982e-01 2.392286681588357781e-03 1.296855677797853143e-02
4.052228363138273524e-03 3.495675895422847845e-02 5.258800945306294633e-02 1.353303699061813858e-01 1.654717335498612496e-01 2.180033294689756040e-01 1.874294069989957123e-01 2.865802900482236626e-02 1.582705006980979490e-01 2.643714823992588270e-03 1.259591877860806973e-02
3.869399929822605125e-03 3.686563182545605361e-02 5.455362848869439035e-02 1.317904544818785939e-01 1.709013068368167854e-01 2.278658993477616634e-01 1.747805480651600518e-01 3.118700492737053881e-02 1.530286407497873924e-01 2.928273749294418513e-03 1.222921159793423536e-02
3.666217917594170178e-03 3.881592797307477360e-02 5.689225459627544890e-02 1.282996561866511787e-01 1.761581484214616022e-01 2.381135608743096543e-01 1.616873000732937382e-01 3.348707424411168088e-02 1.477681212136791600e-01 3.242124748028177034e-03 1.186961375149017325e-02
3.447326331406359509e-03 4.078408708718019721e-02 5.958536036021319648e-02 1.249120136264617043e-01 1.812628062260246975e-01 2.485283459602447287e-01 1.483693181699618779e-01 3.550756582620063356e-02 1.425037684976085683e-01 3.581174919775470967e-03 1.151823299489570032e-02
3.219065980984692470e-03 4.274056789455361882e-02 6.260784635705492207e-02 1.216789745923931992e-01 1.862402123666253850e-01 2.588956626151875939e-01 1.350402867769088799e-01 3.721036296261847481e-02 1.372497561122828780e-01 3.941157712136711400e-03 1.117610662921943859e-02
2.989588197630487550e-03 4.465082878845635234e-02 6.592766060946386730e-02 1.186487779438851753e-01 1.911176107288383719e-01 2.690098472400288543e-01 1.219024642678889908e-01 3.857141689382659333e-02 1.320198801227604468e-01 4.317723524091265051e-03 1.084420168306744758e-02
2.768843752743273094e-03 4.647668638442722933e-02 6.950549548516771203e-02 1.158658928034425745e-01 1.959221061887032600e-01 2.786795096476211153e-01 1.091418936707142934e-01 3.958175061826797736e-02 1.268278694891682712e-01 4.706537150791338837e-03 1.052341480890598042e-02
2.568432692620935699e-03 4.817799309046091188e-02 7.329462838905397015e-02 1.133705049575683549e-01 2.006779488805709444e-01 2.877324922925775796e-01 9.692444929168810008e-02 4.024787069863468986e-02 1.216877294834384782e-01 5.103378418669739063e-03 1.021457180464108161e-02
2.401310846918327385e-03 4.971455434257920913e-02 7.724096636703414731e-02 1.111980408614342414e-01 2.054037020140941916e-01 2.960202681073195730e-01 8.539284251910075896e-02 4.059153643610809159e-02 1.166141095957721197e-01 5.504242162775306590e-03 9.918426746843681668e-03
2.281359397096952707e-03 5.104818972234678731e-02 8.128334319699301314e-02 1.093787207492746133e-01 2.101094692224647342e-01 3.034216092958533229e-01 7.466466025368795334e-02 4.064887318897472679e-02 1.116226804673360051e-01 5.905433675066686441e-03 9.635660830892371284e-03
2.222834182185890427e-03 5.214483154459666203e-02 8.535410403315271677e-02 1.079371334152112588e-01 2.147943758942988390e-01 3.098453761908713244e-01 6.483145418127274351e-02 4.046885692292096631e-02 1.067304965462296668e-01 6.303656056352099565e-03 9.366881032881520935e-03
2.239720825147171242e-03 5.297654910820263907e-02 8.937999477266292403e-02 1.068918277629012231e-01 2.194445033482168850e-01 3.152322958953815424e-01 5.595885067541557512e-02 4.011123650994144474e-02 1.019563161048415295e-01 6.696086204407415005e-03 9.112618792874907503e-03
2.345029402953980290e-03 5.352338820733648639e-02 9.328335573658214086e-02 1.062549192928774061e-01 2.240314656134384519e-01 3.195556300817069539e-01 4.808760378574957611e-02 3.964399581447471121e-02 9.732084644567366716e-02 7.080436701944075630e-03 8.873328917251564404e-03
2.550067894631714675e-03 5.377492284098261272e-02 9.698360079746651263e-02 1.060317145489023255e-01 2.285117936361329150e-01 3.228206667299953758e-01 4.123547550729336764e-02 3.914048583351802807e-02 9.284688187086029276e-02 7.455001436338939101e-03 8.649388903818781144e-03
2.863736609975910466e-03 5.373142888680328133e-02 1.003989457509318062e-01 1.062203621104789164e-01 2.328272520511649457e-01 3.250630118079335107e-01 3.539979924103438952e-02 3.867637630113284625e-02 8.855930507989819012e-02 7.818683281995662815e-03 8.441098878612570897e-03
3.291886052070493261e-03 5.340460764544441297e-02 1.034483353755834834e-01 1.068115455704710115e-01 2.369061612489681001e-01 3.263457040479521565e-01 3.056056200337536888e-02 3.832658402644799345e-02 8.448492890733749761e-02 8.171002826214289819e-03 8.248682296102647846e-03
3.836778235656853296e-03 5.281780875655085750e-02 1.060535060831803988e-01 1.077882409146750931e-01 2.406657346176961643e-01 3.267552266241198211e-01 2.668383285548180453e-02 3.816233204101175669e-02 8.065216474913870781e-02 8.512087611617402336e-03 8.072287510858772858e-03
4.496686604147366421e-03 5.200572649659577357e-02 1.081411132870095243e-01 1.091255676074470299e-01 2.440153725327879330e-01 3.263965417278962278e-01 2.372536475579870713e-02 3.824847934929750948e-02 7.709051537211723815e-02 8.842641984611272765e-03 7.911990282259008522e-03
5.265662564725219659e-03 5.101356908709811511e-02 1.096448478015521616e-01 1.107907675805512859e-01 2.468607851437841783e-01 3.253873259602073631e-01 2.163420623525178638e-02 3.864123778898712058e-02 7.382990249065128630e-02 9.163898116204816785e-03 7.767797230930774399e-03
6.133487941948002203e-03 4.989572638048316022e-02 1.105074648635545470e-01 1.127433499341691930e-01 2.491087509025260993e-01 3.238516326902461939e-01 2.035617402279438562e-02 3.938636183706476640e-02 7.089985181988156526e-02 9.477549390532224657e-03 7.639650216799055704e-03
7.085822762994023298e-03 4.871398560335993277e-02 1.106826522683139608e-01 1.149354388292298801e-01 2.506722625625573131e-01 3.219132487174247159e-01 1.983705776528647130e-02 4.051786266942482284e-02 6.832856933858817705e-02 9.785667913494488016e-03 7.527431569273280651e-03
8.104547172739673400e-03 4.753536688959936890e-02 1.101366694968408805e-01 1.173123579665175109e-01 2.514757714910754172e-01 3.196890445257291047e-01 2.002545072806493492e-02 4.205726185668632461e-02 6.614195134527231512e-02 1.009060844473549587e-02 7.430970082717621231e-03
9.168286010591513227e-03 4.642966877615192084e-02 1.088496979719678903e-01 1.198134773436222156e-01 2.514602191639857542e-01 3.172826353712241421e-01 2.087512392562862473e-02 4.401336627053958894e-02 6.436257581908563785e-02 1.039490170490897127e-02 7.350047642239864766e-03
1.025309451052003676e-02 4.546682840427925670e-02 1.068168515713761452e-01 1.223733354957152464e-01 2.505875433497230520e-01 3.147786740782784198e-01 2.234688499770802819e-02 4.638251621206823661e-02 6.300872455437872555e-02 1.070114047642752031e-02 7.284406349484366140e-03
1.133327497676562406e-02 4.471421078785009495e-02 1.040488071546233628e-01 1.249230347173425210e-01 2.488443678909545431e-01 3.122380817185799184e-01 2.440988531448969739e-02 4.914923611033020917e-02 6.209348293487941539e-02 1.101186240590069747e-02 7.233755988230818057e-03
1.238228713448000923e-02 4.423394623853055263e-02 1.005720251771827362e-01 1.273918882920269946e-01 2.462446273289953524e-01 3.096944899639519355e-01 2.704235956161527010e-02 5.228720235705209413e-02 6.162395855729621563e-02 1.132943372490958014e-02 7.197781663904259143e-03
1.337370955034389124e-02 4.408043446836807516e-02 9.642854096059122471e-02 1.297092788665095697e-01 2.428309391130860917e-01 3.071521191901493419e-01 3.023180053306117471e-02 5.576043625104021989e-02 6.160065141264794292e-02 1.165593820569489798e-02 7.176151448480107622e-03
1.428220676176313909e-02 4.429812813430783480e-02 9.167531714102428175e-02 1.318066679362041582e-01 2.386746119760698170e-01 3.045852495744387212e-01 3.397458883813518626e-02 5.952463208269664907e-02 6.201699806708731166e-02 1.199307563423065298e-02 7.168523854011704666e-03
1.508445603545161516e-02 4.491969767185322038e-02 8.638315820787684229e-02 1.336196785996328629e-01 2.338742647390274487e-01 3.019393636409000159e-01 3.827511195634557273e-02 6.352853889708473534e-02 6.285910158707293249e-02 1.234207369906780739e-02 7.174554965667511754e-03
1.575998980176196440e-02 4.596466376118916314e-02 8.063519765029344977e-02 1.350901606724313198e-01 2.285531173565914509e-01 2.991339496561691846e-01 4.314442129104485713e-02 6.771532902548792199e-02 6.410564901332406473e-02 1.270361670378524280e-02 7.193905067896162221e-03
1.629191399249644776e-02 4.743856369003981999e-02 7.452497930377482982e-02 1.361681388969396000e-01 2.228551004835589988e-01 2.960668632297889791e-01 4.859848826482522643e-02 7.202390382073838027e-02 6.572800998957541163e-02 1.307779371218385951e-02 7.226244616026968742e-03
1.666746916538033169e-02 4.933269431437999758e-02 6.815416594180900844e-02 1.368135435537315425e-01 2.169400031383962035e-01 2.926200531845252195e-01 5.465613254410855992e-02 7.639010619272335045e-02 6.769050466784160003e-02 1.346406787631021680e-02 7.271259420760855380e-03
1.687840970486494466e-02 5.162444786272860076e-02 6.162992100753373476e-02 1.369976284592626381e-01 2.109779350753419880e-01 2.886663743690224826e-01 6.133670646136676202e-02 8.074782774289525344e-02 6.995082663631353725e-02 1.386126774306548418e-02 7.328654937605651523e-03
1.692118620285496325e-02 5.427822817843744319e-02 5.506202421370151590e-02 1.367039944269532181e-01 2.051434170016216973e-01 2.840771401779020877e-01 6.865762890692572729e-02 8.503001372503769806e-02 7.246060721426074436e-02 1.426760036526890894e-02 7.398159587047117153e-03
1.679692698054366384e-02 5.724690623815172769e-02 4.855979668194711912e-02 1.359291561265456583e-01 1.996094236165913693e-01 2.787300153574445716e-01 7.663187044321932706e-02 8.916958131162346091e-02 7.516611093221860218e-02 1.468068525665891001e-02 7.479527055045151300e-03
1.651122567091454010e-02 6.047374501877048059e-02 4.222892840718120433e-02 1.346826154809101506e-01 1.945416930906698483e-01 2.725168207920133367e-01 8.526549588960904980e-02 9.310027361260790613e-02 7.800905698027900403e-02 1.509760749533765531e-02 7.572537561675972070e-03
1.607375245919526879e-02 6.389469817715159872e-02 3.616831564367684049e-02 1.329864339584214961e-01 1.900935803214428010e-01 2.653508172822709454e-01 9.455537381979832456e-02 9.675747494796638204e-02 8.092756739373815900e-02 1.551498788766690617e-02 7.676998108664063840e-03
1.549771606365642727e-02 6.744096439945250487e-02 3.046703056329733844e-02 1.308743269894506733e-01 1.864016764239555535e-01 2.571730579276048090e-01 1.044871597428440185e-01 1.000790107217854330e-01 8.385724761377970349e-02 1.592906781051967383e-02 7.792741743673298020e-03
1.479921133788935847e-02 7.104166303344178202e-02 2.520155521575010230e-02 1.283903336348276303e-01 1.835823459754476472e-01 2.479574459954464460e-01 1.150336540817872011e-01 1.030059502486684042e-01 8.673240823154855506e-02 1.633580635369898115e-02 7.919625891502775697e-03
1.399649277040941608e-02 7.462648727761764245e-02 2.043341637205338401e-02 1.255871412663722986e-01 1.817292543787427384e-01 2.377142054330707577e-01 1.261536254180553596e-01 1.054834231372566156e-01 8.948743662417474320e-02 1.673098750782916339e-02 8.057529814368923765e-03
1.310921693570457972e-02 7.812818953747428796e-02 1.620735569037100657e-02 1.225241667909252041e-01 1.809118772545773302e-01 2.264915616669414267e-01 1.377911723141137246e-01 1.074614504968927908e-01 9.205832276746264697e-02 1.711033528331780407e-02 8.206351262210160452e-03
1.215769655620259002e-02 8.148476238799409743e-02 1.255015685388512041e-02 1.192655092928025101e-01 1.811749084370678220e-01 2.143755316527133914e-01 1.498756786394864760e-01 1.088957836728081524e-01 9.438433525522153811e-02 1.746963488126795222e-02 8.366002370550986583e-03
1.116220566784569337e-02 8.464119515647393344e-02 9.470230593196460323e-03 1.158778947671116749e-01 1.825384215017450129e-01 2.014878332553324825e-01 1.623223909977964952e-01 1.097487347854992079e-01 9.640983040263749471e-02 1.780485801052265893e-02 8.536404861809610695e-03
1.014236926986815390e-02 8.755071290649905913e-02 6.958025960862959138e-03 1.124287292518302839e-01 1.849985956618505067e-01 1.879820326519231477e-01 1.750336207421972490e-01 1.099899774410817571e-01 9.808616117363380682e-02 1.811229033741980354e-02 8.717484602804581595e-03
9.116662458417556722e-03 9.017543847654711786e-02 4.987294926648398394e-03 1.089843637219134742e-01 1.885287954636086227e-01 1.740381502861652607e-01 1.879005443824054433e-01 1.095972919189003025e-01 9.937363411612031017e-02 1.838865867394554390e-02 8.909165575307671434e-03
8.102034156212606364e-03 9.248645776017458409e-02 3.517188551548112389e-03 1.056086528061961072e-01 1.930807968345678305e-01 1.598560348119533736e-01 2.008055456212350376e-01 1.085572277856662465e-01 1.002434434777364491e-01 1.863125484739459534e-02 9.111363347262209367e-03
7.113659664788911027e-03 9.446331165095139815e-02 2.495108548551797523e-03 1.023618614017718087e-01 1.985859790302649530e-01 1.456478814151130063e-01 2.136250160694947720e-01 1.068656574523996483e-01 1.006794941900984869e-01 1.883805242315675366e-02 9.323978153368417052e-03
6.164815753749682166e-03 9.609298078746555949e-02 1.860183011168627717e-03 9.929994160334415509e-02 2.049563498545708407e-01 1.316303158385493111e-01 2.262325051346693594e-01 1.045281969500273800e-01 1.006800117876906625e-01 1.900781151652393072e-02 9.546887762181120729e-03
5.266862385486631090e-03 9.736846907083288039e-02 1.547182672709253998e-03 9.647416857933927004e-02 2.120853366866961853e-01 1.180164812097875826e-01 2.385020903806901738e-01 1.015604735962226945e-01 1.002588289694298085e-01 1.914016609335575034e-02 9.779940355422338250e-03
4.429307746781864161e-03 9.828712460892968794e-02 1.490649791352034823e-03 9.393109225382315075e-02 2.198483495815055644e-01 1.050085550452080213e-01 2.503118228896877850e-01 9.798822491893145747e-02 9.944623794457480015e-02 1.923568748719189231e-02 1.002294773199651282e-02
3.659928308761608087e-03 9.884885980897523128e-02 1.628979641968032570e-03 9.171273395472614998e-02 2.281031990739277593e-01 9.279108484357899422e-02 2.615470949097898345e-01 9.384721733947316846e-02 9.828930528617751960e-02 1.929591762555787210e-02 1.027567920701919976e-02
2.964913917803124310e-03 9.905444277894200067e-02 1.908179282450170322e-03 8.985693627291634067e-02 2.366905213755634840e-01 8.152546888961191562e-02 2.721037756573783106e-01 8.918297698693330999e-02 9.685156249140297602e-02 1.932336571109908099e-02 1.053785663587522396e-02
