1.359957291060278272e-03 9.032408826404632329e-02 7.759136758399427791e-02 3.568388592717507135e-02 9.986622422666015242e-02 1.649063744398401865e-01 5.127675510405975412e-02 2.193134510802732251e-01 2.045908233960967715e-01 5.278419852470916246e-02 2.302874162035002496e-03
1.285528408963876627e-03 8.919563339472443009e-02 7.769521561474838911e-02 3.553379948184497844e-02 9.946051712687510593e-02 1.617574510376157682e-01 5.007351565551402400e-02 2.243067456519058922e-01 2.050414549202254355e-01 5.332717693078295462e-02 2.322961776760948220e-03
1.214051754301994409e-03 8.808161956498507250e-02 7.778873567289162905e-02 3.543921651933849837e-02 9.915286466294005729e-02 1.585593287364202297e-01 4.883928728920626516e-02 2.293220111499395530e-01 2.054006460588344574e-01 5.385919309069117644e-02 2.343045500417521420e-03
1.145466658830032129e-03 8.698221738335688846e-02 7.787198608240744613e-02 3.539946657772239519e-02 9.894507378652422913e-02 1.553150875960453980e-01 4.757681976260490220e-02 2.343542519610933295e-01 2.056669200096584715e-01 5.437959678443766987e-02 2.363113397288565346e-03
1.079713819120913182e-03 8.589757603654632478e-02 7.794505734909844274e-02 3.541399439674820793e-02 9.883865579170905691e-02 1.520278864983309608e-01 4.628900115019443651e-02 2.393982838759088350e-01 2.058389306521637707e-01 5.488774714070297767e-02 2.383153289442672788e-03
1.016735316681857335e-03 8.482782280167024125e-02 7.800807360828101999e-02 3.548236399995883389e-02 9.883482552345405903e-02 1.487009587333013583e-01 4.497884703039562587e-02 2.444487378326721250e-01 2.059154678501301239e-01 5.538301451969486477e-02 2.403152783739951389e-03
9.564746329703317654e-04 8.377306263237846440e-02 7.806119383093472475e-02 3.560426238741340454e-02 9.893450143240878347e-02 1.453376073552681835e-01 4.364948928284653057e-02 2.495000642370377997e-01 2.058954624997597904e-01 5.586478240862790406e-02 2.423099300284757736e-03
8.988766598590868092e-04 8.273337783739974360e-02 7.810461277518673806e-02 3.577950282163378654e-02 9.913830644945574588e-02 1.419412003945109690e-01 4.230416456141855575e-02 2.545465377918434968e-01 2.057779912891518348e-01 5.633244931732563077e-02 2.442980102166278020e-03
8.438877052457746273e-04 8.170882784405868182e-02 7.813856167166202682e-02 3.600802770603215436e-02 9.944656966638350248e-02 1.385151658951787601e-01 4.094620247313195821e-02 2.595822628795190212e-01 2.055622811624397417e-01 5.678543066989406168e-02 2.462782326410816076e-03
7.914554935420788865e-04 8.069944904056963741e-02 7.816330863312742627e-02 3.628991105916506976e-02 9.985932880939328571e-02 1.350629867485572400e-01 3.957901349188774204e-02 2.646011795419677126e-01 2.052477134772424661e-01 5.722316068838857045e-02 2.482493016115598118e-03
7.415291616781275862e-04 7.970525471363808234e-02 7.817915878011050257e-02 3.662536056612519103e-02 1.003763334692018006e-01 1.315881954124907549e-01 3.820607667678782571e-02 2.695970699831592987e-01 2.048338278279026037e-01 5.764509425531303549e-02 2.502099153544199740e-03
6.940592503889588243e-04 7.872623507390476283e-02 7.818645407592313135e-02 3.701471920882117017e-02 1.009970490691852324e-01 1.280943684908804059e-01 3.683092722441800443e-02 2.745635656330956964e-01 2.043203255288161269e-01 5.805070875043750328e-02 2.521587694065183412e-03
6.489976901954948394e-04 7.776235735212144728e-02 7.818557286717055244e-02 3.745846648633385095e-02 1.017206615566111777e-01 1.245851211113388063e-01 3.545714387591589190e-02 2.794941548551162502e-01 2.037070727429114436e-01 5.843950586109972201e-02 2.540945601116654899e-03
6.062977837421234997e-04 7.681356600301748883e-02 7.817692912693288698e-02 3.795721919364270641e-02 1.025460827629503385e-01 1.210641012678810302e-01 3.408833627476815648e-02 2.843821911187203177e-01 2.029941032423772107e-01 5.881101334443297746e-02 2.560159881483964166e-03
5.659141831419517345e-04 7.587978298240651009e-02 7.816097139916176884e-02 3.851173177648750667e-02 1.034719564228330363e-01 1.175349840184366085e-01 3.272813227376273476e-02 2.892209017870802645e-01 2.021816207886715788e-01 5.916478674671643567e-02 2.579217621263485503e-03
5.278028626486727225e-04 7.496090809621372419e-02 7.813818144671491606e-02 3.912289626874204673e-02 1.044966648272061538e-01 1.140014655277750699e-01 3.138016523109642825e-02 2.940033975261165389e-01 2.012700011186812077e-01 5.950041107235104487e-02 2.598106022407790667e-03
4.919210881612415265e-04 7.405681945587228032e-02 7.810907260439149680e-02 3.979174177576391691e-02 1.056183360398006699e-01 1.104672571416291521e-01 3.004806139307079557e-02 2.987226821350366102e-01 2.002597935458066691e-01 5.981750238147881538e-02 2.616812438973408449e-03
4.582273815310908076e-04 7.316737398320725949e-02 7.807418784531891531e-02 4.051943353987868396e-02 1.068348516981941221e-01 1.069360792613032879e-01 2.873542732723199933e-02 3.033716630924032653e-01 1.991517221258064796e-01 6.011570933087496266e-02 2.635324414203975459e-03
4.266814818783177285e-04 7.229240800816900958e-02 7.803409756237174311e-02 4.130727156884442253e-02 1.081438553150985832e-01 1.034116552402830624e-01 2.744583751087895096e-02 3.079431625300140252e-01 1.979466864346372534e-01 6.039471463085205327e-02 2.653629716935535041e-03
3.972443029793375213e-04 7.143173793307693031e-02 7.798939707751513517e-02 4.215668882268730489e-02 1.095427610672217028e-01 9.989770521706801965e-02 2.618282208748424003e-02 3.124299287774829903e-01 1.966457619135520696e-01 6.065423642287270933e-02 2.671716378055073553e-03
3.698778870997077744e-04 7.058516096094397119e-02 7.794070389055070269e-02 4.306924896751838927e-02 1.110287630423713590e-01 9.639793988289160898e-02 2.494985482605165117e-02 3.168246484703093890e-01 1.952501997747637108e-01 6.089402957068799915e-02 2.689572726810257261e-03
3.445453558096623074e-04 6.975245589065494356e-02 7.788865467439480550e-02 4.404664369904107146e-02 1.125988448861756086e-01 9.291605426004105606e-02 2.375034133546849099e-02 3.211199591212196003e-01 1.937614264973255840e-01 6.111388685353143224e-02 2.707187426300502932e-03
3.212108578002354073e-04 6.893338397303166998e-02 7.783390203574899746e-02 4.509068961848783363e-02 1.142497898210925039e-01 8.945572147969947652e-02 2.258760756961331745e-02 3.253084621956359723e-01 1.921810428816868865e-01 6.131364005873246592e-02 2.724549508450494970e-03
2.998395137934731941e-04 6.812768981507323629e-02 7.777711105661573587e-02 4.620332468629585743e-02 1.159781910145906147e-01 8.602058652513171200e-02 2.146488864120021586e-02 3.293827367114399163e-01 1.905108226573828389e-01 6.149316097004012965e-02 2.741648408366400332e-03
2.803973591770046454e-04 6.733510234099135405e-02 7.771895563175083843e-02 4.738660422907174652e-02 1.177804622322843470e-01 8.261426003971662768e-02 2.038531800580396791e-02 3.333353532566077915e-01 1.887527106661686105e-01 6.165236224078228522e-02 2.758473997577745671e-03
2.628512843019204198e-04 6.655533579451827775e-02 7.766011462102753726e-02 4.864269652304177571e-02 1.196528487479968789e-01 7.924031216057639271e-02 1.935191702929507998e-02 3.371588884517818796e-01 1.869088206207554781e-01 6.179119815056677983e-02 2.775016616121544783e-03
2.471689727884784893e-04 6.578809077957241402e-02 7.760126784107355957e-02 4.997387794464500793e-02 1.215914384918404256e-01 7.590226637553906808e-02 1.836758497184113811e-02 3.408459398734873247e-01 1.849814324043199953e-01 6.190966524115078945e-02 2.791267103704265281e-03
2.333188382189018588e-04 6.503305533788619752e-02 7.754309191256819611e-02 5.138252768702785550e-02 1.235921733717581655e-01 7.260359347349221171e-02 1.743508942953678892e-02 3.443891413392292655e-01 1.829729889569372270e-01 6.200780282405424226e-02 2.807216829297035088e-03
2.212699593713773015e-04 6.428990605699519412e-02 7.748625598772861112e-02 5.287112205068603826e-02 1.256508607296626945e-01 6.934770558063615975e-02 1.655705725353327426e-02 3.477811785489188789e-01 1.808860927551280418e-01 6.208569335820643409e-02 2.822857719091487541e-03
2.109920141719223317e-04 6.355830919014227032e-02 7.743141738429104581e-02 5.444222833128947031e-02 1.277631849510796613e-01 6.613795022111487731e-02 1.573596595914258239e-02 3.510148051493394150e-01 1.787235018207934956e-01 6.214346269528210620e-02 2.838182283333288546e-03
2.024552130285439005e-04 6.283792181308511804e-02 7.737921714608064772e-02 5.609849824589096395e-02 1.299247190936251850e-01 6.297760458872378453e-02 1.497413568849572177e-02 3.540828590020139721e-01 1.764881253831269148e-01 6.218128018517626171e-02 2.853183640757938917e-03
1.956302312691152363e-04 6.212839297330680771e-02 7.733027556014678006e-02 5.784266099426085828e-02 1.321309366065653301e-01 5.986986983092703468e-02 1.427372169600164657e-02 3.569782788387078076e-01 1.741830190819981250e-01 6.219935864505424933e-02 2.867855541707725001e-03
1.904881414086104035e-04 6.142936485553367881e-02 7.728518765296472914e-02 5.967751588288972009e-02 1.343772230338529938e-01 5.681786552193475448e-02 1.363670742014477105e-02 3.596941211152357987e-01 1.718113798021424499e-01 6.219795418485062066e-02 2.882192388995632147e-03
1.870003453344270888e-04 6.074047395228084067e-02 7.724451869392695569e-02 6.160592453285687609e-02 1.366588876791357543e-01 5.382462429481313371e-02 1.306489814539098238e-02 3.622235770723907788e-01 1.693765401370238288e-01 6.217736589026309768e-02 2.896189256582740700e-03
1.851385065973284603e-04 6.006135221719331729e-02 7.720879973441879818e-02 6.363080273238699847e-02 1.389711752463047012e-01 5.089308656472450731e-02 1.255991525340372644e-02 3.645599900342662569e-01 1.668819624419322356e-01 6.213793536236083409e-02 2.909841906394453667e-03
1.848744832299033497e-04 5.939162821835001355e-02 7.717852320643625585e-02 6.575511186673160813e-02 1.413092773662614487e-01 4.802609547508945170e-02 1.212319110527874944e-02 3.666968728067688255e-01 1.643312325572733323e-01 6.208004611197258382e-02 2.923146802584206290e-03
1.861802612408947576e-04 5.873092827437573216e-02 7.715413860958277026e-02 6.798184996895391408e-02 1.436683440089733810e-01 4.522639201533981690e-02 1.175596455109371476e-02 3.686279251936094292e-01 1.617280531833401314e-01 6.200412280993396197e-02 2.936101123480218660e-03
1.890278890645413117e-04 5.807887756752547204e-02 7.713604831561196584e-02 7.031404242270047900e-02 1.460434947623218960e-01 4.249661030185117316e-02 1.145927707216108996e-02 3.703470515982270617e-01 1.590762369053273506e-01 6.191063039395172662e-02 2.948702771217992340e-03
1.933894132074063350e-04 5.743510123493751618e-02 7.712460351310966578e-02 7.275473228153861438e-02 1.484298299269790622e-01 3.983927308895907071e-02 1.123396957669375168e-02 3.718483786335181063e-01 1.563796989196549470e-01 6.180007303261799562e-02 2.960950378743922896e-03
1.992368152922909961e-04 5.679922543001290208e-02 7.712010032068895848e-02 7.530697023732917106e-02 1.508224414142036451e-01 3.725678748990418621e-02 1.108067984608431499e-02 3.731262727204237017e-01 1.536424494626831838e-01 6.167299294909649177e-02 2.972843314264665693e-03
2.065419507932207124e-04 5.617087834777046568e-02 7.712277609695877834e-02 7.797380427628933242e-02 1.532164234345513298e-01 3.475144089515723456e-02 1.099984063154852212e-02 3.741753576399822201e-01 1.508685859373896931e-01 6.152996910629703053e-02 2.984381683212913687e-03
2.152764896010272858e-04 5.554969121501944496e-02 7.713280596775104470e-02 8.075826898683782784e-02 1.556068829315097324e-01 3.232539714727867414e-02 1.099167841176292709e-02 3.749905319692086736e-01 1.480622847967554001e-01 6.137161575678082293e-02 2.995566327453190285e-03
2.254118585911026886e-04 5.493529924013101223e-02 7.715029959647456970e-02 8.366337455103693699e-02 1.579889497486972882e-01 2.998069295798898304e-02 1.105621280383544541e-02 3.755669863711883494e-01 1.452277931886402085e-01 6.119858086160775285e-02 3.006398821790261244e-03
2.369191866239865412e-04 5.432734251045750334e-02 7.717529822431670739e-02 8.669209549309703222e-02 1.603577865415753978e-01 2.771923453285677838e-02 1.119325662341152591e-02 3.759002207042553834e-01 1.423694203361111354e-01 6.101154437924279778e-02 3.016881468029766755e-03
2.497692517870196737e-04 5.372546685223172219e-02 7.720777199640414812e-02 8.984735909325358705e-02 1.627085983555622284e-01 2.554279450088799489e-02 1.140241659428565049e-02 3.759860608727381703e-01 1.394915287629288347e-01 6.081121643383489983e-02 3.027017286076130135e-03
2.639324312701790535e-04 5.312932463503594605e-02 7.724761759720678855e-02 9.313203355857742338e-02 1.650366419015229791e-01 2.345300908879498561e-02 1.168309469520841665e-02 3.758206754015398499e-01 1.365985253234842933e-01 6.059833536486550210e-02 3.036810002436157209e-03
2.793786542570250698e-04 5.253857551760582334e-02 7.729465621830897137e-02 9.654891601159122649e-02 1.673372345281801121e-01 2.145137553053478099e-02 1.203449013824590963e-02 3.754005916733795800e-01 1.336948520300912380e-01 6.037366566152156666e-02 3.046264036270179484e-03
2.960773572530931070e-04 5.195288715124070367e-02 7.734863186710158600e-02 1.001007201658150325e-01 1.696057628004312701e-01 1.953924981260704574e-02 1.245560196222422755e-02 3.747227117819228459e-01 1.307849768224067510e-01 6.013799579657534700e-02 3.055384482413987194e-03
3.139974430332288053e-04 5.137193581487931038e-02 7.740921004392029015e-02 1.037900639035242711e-01 1.718376907850913959e-01 1.771784463644943824e-02 1.294523223872081664e-02 3.737843279532103713e-01 1.278733841350557510e-01 5.989213595386171790e-02 3.064177092218022674e-03
3.331072423273930363e-04 5.079540699857629238e-02 7.747597679192839981e-02 1.076194566301187788e-01 1.740285679336880387e-01 1.598822770018522646e-02 1.350198986326236854e-02 3.725831374869719714e-01 1.249645654330019812e-01 5.963691566834836838e-02 3.072648251564341279e-03
3.533744789204883315e-04 5.022299592645072808e-02 7.754843813652134710e-02 1.115912864915322711e-01 1.761740366105829791e-01 1.435132025770422502e-02 1.412429492384336890e-02 3.711172571749157822e-01 1.220630096634190420e-01 5.937318137960252012e-02 3.080804956467202670e-03
3.747662383140195697e-04 4.965440802261821690e-02 7.762601992832297848e-02 1.157078074951538721e-01 1.782698392558560996e-01 1.280789595803662542e-02 1.481038362847697694e-02 3.693852371367665754e-01 1.191731936435509315e-01 5.910179390656079834e-02 3.088654786341515478e-03
3.972489396460588806e-04 4.908935931465947811e-02 7.770806809065622378e-02 1.199711265330622445e-01 1.803118251575617503e-01 1.135857998181601103e-02 1.555831376768811690e-02 3.673860740352472565e-01 1.162995724491742017e-01 5.882362585562667112e-02 3.096205874838326658e-03
4.207883111931204909e-04 4.852757678109790446e-02 7.779384928232629948e-02 1.243831903297784869e-01 1.822959568422234944e-01 1.000384847313575722e-02 1.636597069299079721e-02 3.651192236304448557e-01 1.134465698097755632e-01 5.853955896857657160e-02 3.103466878436346270e-03
4.453493697102617484e-04 4.796879863956472756e-02 7.788255198289242842e-02 1.289457724046615128e-01 1.842183160961126109e-01 8.744028250984524006e-03 1.723107379440442372e-02 3.625846125982861712e-01 1.106185685034189875e-01 5.825048141696220066e-02 3.110446942984965071e-03
4.708964032400249746e-04 4.741277457908935067e-02 7.797328799591383974e-02 1.336604600003397092e-01 1.860751095883576844e-01 7.579296825462249892e-03 1.815118344384784518e-02 3.597826496060276824e-01 1.078199008325894936e-01 5.795728505700568911e-02 3.117155668107864964e-03
4.973929576383652375e-04 4.685926593374015181e-02 7.806509437330833023e-02 1.385286410670589219e-01 1.878626741149405088e-01 6.509682699806748282e-03 1.912370838514178967e-02 3.567142355760850592e-01 1.050548391705927592e-01 5.766086265200979361e-02 3.123603069701574343e-03
5.248018270923772042e-04 4.630804580617804700e-02 7.815693576244595042e-02 1.435514913363696854e-01 1.895774814704611622e-01 5.535065959466469419e-03 2.014591354755074920e-02 3.533807730890449750e-01 1.023275865907034982e-01 5.736210506996321234e-02 3.129799540717596949e-03
5.530850482454852243e-04 4.575889913681292775e-02 7.824770716422407846e-02 1.487299614852026497e-01 1.912161429354353737e-01 4.655179153421555582e-03 2.121492824921221779e-02 3.497841749082596374e-01 9.964226763875212722e-02 5.706189847020826100e-02 3.135755810208099015e-03
5.822038979570538699e-04 4.521162272461885789e-02 7.833623709855622175e-02 1.540647644341701650e-01 1.927754133860500318e-01 3.869608461703151481e-03 2.232775476147053073e-02 3.459268715835622787e-01 9.700291926218043703e-02 5.676112148886923447e-02 3.141482900829010907e-03
6.121188955200718715e-04 4.466602519671537819e-02 7.842129117350413181e-02 1.595563629180827836e-01 1.942521950606159731e-01 3.177795130854576926e-03 2.348127722631629041e-02 3.418118180249792859e-01 9.441348186263374964e-02 5.646064242560290547e-02 3.146992085143184535e-03
6.427898077356769026e-04 4.412192694213365463e-02 7.850157603499609282e-02 1.652049571420477203e-01 1.956435409316326091e-01 2.579037207326377590e-03 2.467227085570240092e-02 3.374424991634453197e-01 9.187779061761282284e-02 5.616131645689678709e-02 3.152294840455266509e-03
6.741756586436860885e-04 4.357915999621436720e-02 7.857574369807701631e-02 1.710104728430193177e-01 1.969466577537584417e-01 2.072491523205889728e-03 2.589741143102698706e-02 3.328229344735750272e-01 8.939956695061630765e-02 5.586398286905572969e-02 3.157402802838796003e-03
7.062347426900521729e-04 4.303756788808484057e-02 7.864239623268498569e-02 1.769725496069165516e-01 1.981589087568662588e-01 1.657175957607386931e-03 2.715328504275085417e-02 3.279576814500049786e-01 8.698241026975267465e-02 5.556946233244148409e-02 3.162327720160037440e-03
7.389246412583185420e-04 4.249700546073485741e-02 7.870009079119025253e-02 1.830905294691463903e-01 1.992778159909872615e-01 1.331971962036438513e-03 2.843639803160243409e-02 3.228518380296830359e-01 8.462978999203193964e-02 5.527855422693848247e-02 3.167081404331512692e-03
7.722022436608612806e-04 4.195733865087759862e-02 7.874734496219219781e-02 1.893634460380376194e-01 2.003010623647943356e-01 1.095627329663493828e-03 2.974318713796289537e-02 3.175110437740034652e-01 8.234503779651321242e-02 5.499203401907105243e-02 3.171675683199039544e-03
8.060237712482960261e-04 4.141844424620121090e-02 7.878264242158132535e-02 1.957900139652830329e-01 2.012264933544802570e-01 9.467592186178859807e-04 3.107002978989684833e-02 3.119414799514995118e-01 8.013134021755252689e-02 5.471065071167185295e-02 3.176122351938742878e-03
8.403448051838306645e-04 4.088020961846096368e-02 7.880443886247728846e-02 2.023686188984900047e-01 2.020521184061574715e-01 8.838574122203766937e-04 3.241325451293177590e-02 3.061498684321810604e-01 7.799173155692885884e-02 5.443512437070581467e-02 3.180433124290085040e-03
8.751203180075788849e-04 4.034253243674818662e-02 7.881116818137945401e-02 2.090973080073084966e-01 2.027761120479725232e-01 9.052878086082621163e-04 3.376915143802229624e-02 3.001434693239206641e-01 7.592908711707960223e-02 5.416614373707637209e-02 3.184619583883566141e-03
9.103047084477515439e-04 3.980532036437039317e-02 7.880124888894175783e-02 2.159737810297403526e-01 2.033968147125068127e-01 1.009296133687128880e-03 3.513398286167628698e-02 2.939300774172681763e-01 7.394611681104121259e-02 5.390436393663793069e-02 3.188693135682538812e-03
9.458518396338039388e-04 3.926849074338680662e-02 7.877309072084959229e-02 2.229953819274284876e-01 2.039127332865087183e-01 1.194011866097239964e-03 3.650399383390282720e-02 2.875180173831152208e-01 7.204535914615609049e-02 5.365040429511168385e-02 3.192664957811036652e-03
9.817150808523005239e-04 3.873197027186398717e-02 7.872510142175834225e-02 2.301590912373158437e-01 2.043225414004589680e-01 1.457452365319787582e-03 3.787542274838166106e-02 2.809161376696809875e-01 7.022917558526090009e-02 5.340484626505042492e-02 3.196545954026401570e-03
1.017847352314230633e-03 3.819569467578196043e-02 7.865569366780912619e-02 2.374615190720958668e-01 2.046250794640742110e-01 1.797527193026591391e-03 3.924451189220926062e-02 2.741338031695722544e-01 6.849974533006222832e-02 5.316823147619213069e-02 3.200346706870515860e-03
1.054201172947696365e-03 3.765960838099417091e-02 7.856329209926364576e-02 2.448988988414165791e-01 2.048193544652912035e-01 2.212042615517067438e-03 4.060751792964421847e-02 2.671808866213252753e-01 6.685906052621316820e-02 5.294105991563515662e-02 3.204077431758121063e-03
1.090728711818289868e-03 3.712366418420458281e-02 7.844634043202368401e-02 2.524670818539547779e-01 2.049045395391077551e-01 2.698706282440951638e-03 4.196072230633119543e-02 2.600677586376753392e-01 6.530892187881064126e-02 5.272378824128268193e-02 3.207747932286788076e-03
1.127381841727471143e-03 3.658782293612036773e-02 7.830330861320206060e-02 2.601615326047294063e-01 2.048799733211010277e-01 3.255132060832177394e-03 4.330044151045252254e-02 2.528052765673441393e-01 6.385093474446575101e-02 5.251682824323762599e-02 3.211367556740115509e-03
1.164112195886382768e-03 3.605205322996178630e-02 7.813269998902952485e-02 2.679773249606075547e-01 2.047451590965688739e-01 3.878845019992138276e-03 4.462303719043603234e-02 2.454047720403589872e-01 6.248650566804711537e-02 5.232054545301364351e-02 3.214945156085217103e-03
1.200871227812596968e-03 3.551633109990577630e-02 7.793305845042983182e-02 2.759091393407856474e-01 2.044997637491258180e-01 4.567286560929455924e-03 4.592492610573391948e-02 2.378780371474257527e-01 6.121683936833351158e-02 5.213525790579916913e-02 3.218489043727896896e-03
1.237610272728279512e-03 3.498063974166572276e-02 7.770297552452802570e-02 2.839512606310142795e-01 2.041436165360765997e-01 5.317819659408820621e-03 4.720258984612943354e-02 2.302373095300090655e-01 6.004293623310408973e-02 5.196123506836543976e-02 3.222006956914174550e-03
1.274280612439534664e-03 3.444496924453423203e-02 7.744109737510061764e-02 2.920975772495428835e-01 2.036767076778719932e-01 6.127734235130750939e-03 4.845258434254633151e-02 2.224952560519473377e-01 5.896559026339067561e-02 5.179869692720894675e-02 3.225506020286178065e-03
1.310833541877682012e-03 3.390931634574452513e-02 7.714613168054106074e-02 3.003415811031538429e-01 2.030991867916400184e-01 6.994252616833502093e-03 4.967154910885120817e-02 2.146649553271904320e-01 5.798538752411916408e-02 5.164781324859160638e-02 3.228992711461890243e-03
1.347220437874399601e-03 3.337368420688417714e-02 7.681685435580647148e-02 3.086763685740476770e-01 2.024113611688890257e-01 7.914535097322577401e-03 5.085621620322444691e-02 2.067598790312270840e-01 5.710270508523992983e-02 5.150870301062623197e-02 3.232472828895873503e-03
1.383392830144406773e-03 3.283808221509934566e-02 7.645211608357430078e-02 3.170946426115737737e-01 2.016136939044426146e-01 8.885685567935130286e-03 5.200341888954181785e-02 1.987938719736868365e-01 5.631771045219972210e-02 5.138143400947851186e-02 3.235951462267703648e-03
1.419302473867313768e-03 3.230252580827727704e-02 7.605084862424252301e-02 3.255887158564493289e-01 2.007068018918091723e-01 9.904757216492972999e-03 5.311009996971843838e-02 1.907811310486556833e-01 5.563036150145838493e-02 5.126602264372132761e-02 3.239432965329139096e-03
1.454901423940806703e-03 3.176703632691003920e-02 7.561207087268319305e-02 3.341505148656200852e-01 1.996914536899480619e-01 1.096875827769861790e-02 5.417331977013805505e-02 1.827361830507668317e-01 5.504040691395815227e-02 5.116243387689464045e-02 3.242920931429874032e-03
1.490142110919183849e-03 3.123164089458907444e-02 7.513489462895911464e-02 3.427715855091333363e-01 1.985685672639075916e-01 1.207465782553759914e-02 5.519026376443160464e-02 1.746738613484602465e-01 5.454738710334638974e-02 5.107058137874451870e-02 3.246418171950470402e-03
1.524977418024567061e-03 3.069637232596580945e-02 7.461853005725740950e-02 3.514430994491486993e-01 1.973392076153973052e-01 1.321939159044564251e-02 5.615824980827478774e-02 1.666092815451923059e-01 5.415063564639190780e-02 5.099032784630813664e-02 3.249926697521748897e-03
1.559360759208940593e-03 3.016126906280709730e-02 7.406229080381528107e-02 3.601558617681301921e-01 1.960045843105764907e-01 1.439986779081340804e-02 5.707473497497773940e-02 1.585578161185587365e-01 5.384928120547080588e-02 5.092148550340579866e-02 3.253447702258985795e-03
1.593246158689751862e-03 2.962637513528499494e-02 7.346559873875857516e-02 3.689003198762151881e-01 1.945660488827431756e-01 1.561297297965502998e-02 5.793732198042009229e-02 1.505350679834667194e-01 5.364224993724282103e-02 5.086381677630714276e-02 3.256981551172672979e-03
1.626588330393123009e-03 2.909174015841248934e-02 7.282798831433767717e-02 3.776665734151770648e-01 1.930250921693081878e-01 1.685557786102737099e-02 5.874376516338078447e-02 1.425568432794049878e-01 5.352826839183145308e-02 5.081703514609956646e-02 3.260527770622725832e-03
1.659342758344959593e-03 2.855741934803714133e-02 7.214911049959125966e-02 3.864443854396253375e-01 1.913833415410832739e-01 1.812454310042876590e-02 5.949197603428881681e-02 1.346391231806406685e-01 5.350586688360257914e-02 5.078080617230464749e-02 3.264085042003887251e-03
1.691465777674301544e-03 2.802347356379099319e-02 7.142873626937806808e-02 3.952231948426451758e-01 1.896425580258317145e-01 1.941672510700308968e-02 6.018002836639649300e-02 1.267980348297531590e-01 5.357338333305763228e-02 5.075474868565595099e-02 3.267651198806352780e-03
1.722914654816950098e-03 2.748996938151981526e-02 7.066675964853963432e-02 4.039921297635594710e-01 1.878046333897658293e-01 2.072898175023017361e-02 6.080616281482371932e-02 1.190498216560168382e-01 5.372896756737086110e-02 5.073843614652671224e-02 3.271223226806418884e-03
1.753647668429319162e-03 2.695697918345868471e-02 6.986320026356565571e-02 4.127400223554036907e-01 1.858715870957065031e-01 2.205817804134490787e-02 6.136879106767125641e-02 1.114108128235694328e-01 5.397058606998924452e-02 5.073139816308205874e-02 3.274797267757235519e-03
1.783624189588081709e-03 2.642458126818328368e-02 6.901820540497019540e-02 4.214554246453841024e-01 1.838455631953241909e-01 2.340119174480540659e-02 6.186649951551634330e-02 1.038973920764652420e-01 5.429602716838098642e-02 5.073312216505231065e-02 3.278368626318816509e-03
1.812804760994505583e-03 2.589285998618212972e-02 6.813205159259587418e-02 4.301266254408266931e-01 1.817288271697634350e-01 2.475491889489620304e-02 6.229805242735618476e-02 9.652596607953137231e-02 5.470290664089082905e-02 5.074305522661920476e-02 3.281931780309479442e-03
1.841151176001907998e-03 2.536190588450046648e-02 6.720514560609738841e-02 4.387416685291254947e-01 1.795237626528885522e-01 2.611627924612318005e-02 6.266239463888439998e-02 8.931293210046326037e-02 5.518867373921118591e-02 5.076060603229959334e-02 3.285480394403217028e-03
1.868626556053341143e-03 2.483181586736249447e-02 6.623802499814537836e-02 4.472883718735691239e-01 1.772328681078632895e-01 2.748222161337125768e-02 6.295865374406785231e-02 8.227464532213281390e-02 5.575061760161523911e-02 5.078514697877860307e-02 3.289007337031139150e-03
1.895195426829695846e-03 2.430269336733963809e-02 6.523135807361080118e-02 4.557543478949083737e-01 1.748587534272975641e-01 2.884972910501305832e-02 6.318614178947432047e-02 7.542738576612265100e-02 5.638587404359599042e-02 5.081601640531016595e-02 3.292504700517827256e-03
1.920823792908482467e-03 2.377464852472673668e-02 6.418594332478870512e-02 4.641270248423917111e-01 1.724041364516649688e-01 3.021582423822045602e-02 6.334435646735026015e-02 6.878732487716442134e-02 5.709143271168725525e-02 5.085252094452404059e-02 3.295963824573039901e-03
1.945479210411535593e-03 2.324779836959842833e-02 6.310270833149311809e-02 4.723936691424365231e-01 1.698718394226902406e-01 3.157757392784141248e-02 6.343298181462164731e-02 6.237049189525662590e-02 5.786414457733204952e-02 5.089393798549618486e-02 3.299375322792264496e-03
1.969130857534256204e-03 2.272226700441514619e-02 6.198270812167009508e-02 4.805414087271737134e-01 1.672647853631625547e-01 3.293209434001959091e-02 6.345188841718113482e-02 5.619274006282065637e-02 5.870072975352504802e-02 5.093951824026133474e-02 3.302729112228223584e-03
1.991749602755283309e-03 2.219818578562765543e-02 6.082712299158382629e-02 4.885572573237126348e-01 1.645859943770811851e-01 3.427655559913206362e-02 6.340113311753931002e-02 5.026971273579472488e-02 5.959778561659644092e-02 5.098848840408294614e-02 3.306014446068953824e-03
2.013308070281700276e-03 2.167569349775076010e-02 5.963725580122301861e-02 4.964281395975237432e-01 1.618385798840002443e-01 3.560818634318914377e-02 6.328095823929080765e-02 4.461680951045206983e-02 6.055179520660865233e-02 5.104005390060518954e-02 3.309219949049519056e-03
2.033780702533996912e-03 2.115493651683686416e-02 5.841452874799461792e-02 5.041409171359149122e-01 1.590257447814042435e-01 3.692427811969509199e-02 6.309179033193684782e-02 3.924915241957217804e-02 6.155913588701535100e-02 5.109340170141545012e-02 3.312333655652153867e-03
2.053143819753050926e-03 2.063606895986572903e-02 5.716047961635151858e-02 5.116824152908932000e-01 1.561507775021907241e-01 3.822218962017590038e-02 6.283423843246369045e-02 3.418155224500374345e-02 6.261608825142393753e-02 5.114770321078293547e-02 3.315343051026019890e-03
2.071375675618261723e-03 2.011925282004126125e-02 5.587675755327218413e-02 5.190394506077062875e-01 1.532170480512229094e-01 3.949935072599412150e-02 6.250909187401296196e-02 2.942847514859060418e-02 6.371884522583125265e-02 5.120211720341875244e-02 3.318235114253610587e-03
2.088456509724260016e-03 1.960465807686916431e-02 5.456511833517493915e-02 5.261988590738565508e-01 1.502280039064965156e-01 4.075326639087374636e-02 6.211731762470389107e-02 2.500400953024956713e-02 6.486352138099277242e-02 5.125579280692486861e-02 3.320996364114735862e-03
2.104368595843951126e-03 1.909246278265092772e-02 5.322741918144723028e-02 5.331475249002549655e-01 1.471871658675165673e-01 4.198152033208476380e-02 6.166005718707636557e-02 2.092183332670724885e-02 6.604616240249755466e-02 5.130787251701797447e-02 3.323612906909960418e-03
2.119096285875593597e-03 1.858285312353837732e-02 5.186561313027555908e-02 5.398724098052480880e-01 1.440981238438951428e-01 4.318177852345007894e-02 6.113862306621892229e-02 1.719518180621988288e-02 6.726275469485576419e-02 5.135749523402843159e-02 3.326070486328598034e-03
2.132626049721650287e-03 1.807602344576295789e-02 5.048174297171698771e-02 5.463605828658355534e-01 1.409645325209519795e-01 4.435179250420047403e-02 6.055449480445510013e-02 1.383681587290200993e-02 6.850923511751105810e-02 5.140379931174019618e-02 3.328354535212770318e-03
2.144946510247820130e-03 1.757217624824975594e-02 4.907793479430767880e-02 5.525992506968840923e-01 1.377901069737154649e-01 4.548940248208666048e-02 5.990931461594783958e-02 1.085899104267351763e-02 6.978150080118786236e-02 5.144592560581569274e-02 3.330450228891828658e-03
2.156048473445507443e-03 1.707152213738837715e-02 4.765639115530767578e-02 5.585757879665887993e-01 1.345786181930093417e-01 4.659254023489699942e-02 5.920488262566337562e-02 8.273427129435673849e-03 7.107541903170780384e-02 5.148302051261459400e-02 3.332342539941391367e-03
2.165924953579561295e-03 1.657427974236333826e-02 4.621938390058720481e-02 5.642777681751744989e-01 1.313338885261414735e-01 4.765923180126262898e-02 5.844315172338848674e-02 6.091278723288371354e-03 7.238683717446137145e-02 5.151423898542147051e-02 3.334016294307566575e-03
2.174571193015113584e-03 1.608067558562802785e-02 4.476924667040849126e-02 5.696929945848033805e-01 1.280597870386750436e-01 4.868759996588080396e-02 5.762622205928925878e-02 4.323106542816583520e-03 7.371159261125079243e-02 5.153874751987155833e-02 3.335456228340864977e-03
2.181984676599190397e-03 1.559094390786670836e-02 4.330836711786906906e-02 5.748095312362786480e-01 1.247602247936250575e-01 4.967586653276102882e-02 5.675633519232896329e-02 2.978849734154554417e-03 7.504552266485937928e-02 5.155572709696238515e-02 3.336647046653743245e-03
2.188165140498576043e-03 1.510532644667562929e-02 4.183917887002737424e-02 5.796157339811719433e-01 1.214391500480213604e-01 5.062235438001284199e-02 5.583586790379275328e-02 2.067799191526034988e-03 7.638447448554935848e-02 5.156437607201790063e-02 3.337573480671150380e-03
2.193114575222184469e-03 1.462407216524776871e-02 4.036415327217592053e-02 5.841002814120315190e-01 1.181005433753211653e-01 5.152548930198259935e-02 5.486732570542618426e-02 1.598571972340649856e-03 7.772431487071532197e-02 5.156391300213893081e-02 3.338220347430764096e-03
2.196837222732358260e-03 1.414743692930142682e-02 3.888579094499081817e-02 5.882522056271243249e-01 1.147484127100606710e-01 5.238380163579427207e-02 5.385333605500935289e-02 1.579086871620335531e-03 7.906093999447076637e-02 5.155357940036643660e-02 3.338572608554489073e-03
2.199339567708436492e-03 1.367568313115793098e-02 3.740661317656356066e-02 5.920609227804612962e-01 1.113867882878291915e-01 5.319592767283182894e-02 5.279664128522577882e-02 2.016541229601188489e-03 8.039028503183809349e-02 5.153264240758208964e-02 3.338615429156679450e-03
2.200630322537670477e-03 1.320907926593756915e-02 3.592915322402975842e-02 5.955162632154810121e-01 1.080197175661667397e-01 5.396061084317836654e-02 5.170009129863947089e-02 2.917389034036554658e-03 8.170833362074456097e-02 5.150039737287643443e-02 3.338334236380090941e-03
2.200720406221464646e-03 1.274789944843752673e-02 3.445594751712489912e-02 5.986085012217234880e-01 1.046512600298963175e-01 5.467670269623742252e-02 5.056663601612291364e-02 4.287320376312154027e-03 8.301112717629724469e-02 5.145617033425649300e-02 3.337714777357544092e-03
2.199622917171395724e-03 1.229242287920549737e-02 3.298952681653849472e-02 6.013283842816016245e-01 1.012854819243083210e-01 5.534316365989423725e-02 4.939931760455522347e-02 6.131242334892216678e-03 8.429477401535306891e-02 5.139932039008954234e-02 3.336743176409223688e-03
2.197353099579245437e-03 1.184293325960272640e-02 3.153240738983337232e-02 6.036671616536767315e-01 9.792645097018230771e-02 5.595906358267289243e-02 4.820126253346576628e-02 8.453261314034539800e-03 8.555545825122382042e-02 5.132924195460315808e-02 3.335405991161847963e-03
2.193928303758278017e-03 1.139971815222593117e-02 3.008708219647888288e-02 6.056166123248423183e-01 9.457823096909423466e-02 5.652358206698171461e-02 4.697567343676233714e-02 1.125666692417273684e-02 8.678944846939688762e-02 5.124536688884559488e-02 3.333690267433663586e-03
2.189367940142121060e-03 1.096306829075649122e-02 2.865601215536666205e-02 6.071690721471542096e-01 9.124487637895487002e-02 5.703600859125873557e-02 4.572582083638784822e-02 1.454391743125177903e-02 8.799310613522152991e-02 5.114716650091323535e-02 3.331583592596780181e-03
2.183693427136647672e-03 1.053327683975197049e-02 2.724161751446894236e-02 6.083174601151245531e-01 8.793042682876429927e-02 5.749574242514858546e-02 4.445503473234498071e-02 1.831662683573780093e-02 8.916289372513376554e-02 5.103415340916789972e-02 3.329074147215878819e-03
2.176928132995453909e-03 1.011063861017510654e-02 2.584626937128358184e-02 6.090553036994982294e-01 8.463890160840233101e-02 5.790229233309169415e-02 4.316669608784795553e-02 2.257555359287556976e-02 9.029538254789597207e-02 5.090588326113564682e-02 3.326150754785222978e-03
2.169097311598688731e-03 9.695449224713638403e-03 2.447228136268490492e-02 6.093767631459394707e-01 8.137429409446013395e-02 5.825527608446137706e-02 4.186422822214803247e-02 2.732059106535519519e-02 9.138726025515739315e-02 5.076195630419321619e-02 3.322802929266562271e-03
2.160228032399887175e-03 9.288004243200791848e-03 2.312190157588474640e-02 6.092766546546479756e-01 7.814056616109404940e-02 5.855441976151208594e-02 4.055108814345863288e-02 3.255075969880029396e-02 9.243533800529159239e-02 5.060201880338979774e-02 3.319020920291669476e-03
2.150349104767006886e-03 8.888598248483162156e-03 2.179730470790316316e-02 6.087504723815937435e-01 7.494164256739560548e-02 5.879955687111707713e-02 3.923075783480588219e-02 3.826420096081189354e-02 9.343655726740594802e-02 5.042576429985794195e-02 3.314795755807858294e-03
2.139490996742271587e-03 8.497523895905459076e-03 2.050058450815069391e-02 6.077944091645199887e-01 7.178140533075483276e-02 5.899062726917805866e-02 3.790673552149017439e-02 4.445817307087056303e-02 9.438799625051833009e-02 5.023293470990165821e-02 3.310119281980107055e-03
2.127685748439203661e-03 8.115070927788936225e-03 1.923374652798932188e-02 6.064053759009508937e-01 6.866368807566589072e-02 5.912767590087546904e-02 3.658252692996903643e-02 5.112904858361386889e-02 9.528687594619558721e-02 5.002332125837945925e-02 3.304984200152974450e-03
2.114966880552579444e-03 7.741525163697342109e-03 1.799870122637912268e-02 6.045810195369798468e-01 6.559227041323235918e-02 5.921085135568379676e-02 3.526163657466782619e-02 5.827231374803333586e-02 9.613056575415962479e-02 4.979676524582254959e-02 3.299384100738939583e-03
2.101369297937619954e-03 7.377167463904107415e-03 1.679725744194949036e-02 6.023197395643000718e-01 6.257087231360165813e-02 5.924040425120675329e-02 3.394755908115568155e-02 6.588256974929948551e-02 9.691658869496277973e-02 4.955315864781546786e-02 3.293313493856623968e-03
2.086929188675899511e-03 7.022272673149351774e-03 1.563111626817907315e-02 5.996207029740169281e-01 5.960314850305656331e-02 5.921668544668313300e-02 3.264377057128368259e-02 7.395353580585838082e-02 9.764262618831198726e-02 4.929244454417584798e-02 3.286767836568731289e-03
2.071683919028773600e-03 6.677108550946893317e-03 1.450186535134627766e-02 5.964838576214629429e-01 5.669268288524796640e-02 5.914014409010869000e-02 3.135372012299640632e-02 8.247805413648345851e-02 9.830652238807646714e-02 4.901461737770283766e-02 3.279743556583239461e-03
2.055671924477697754e-03 6.341934692596149295e-03 1.341097365061650129e-02 5.929099439324954091e-01 5.384298302867423364e-02 5.901132551031811058e-02 3.008082134597452051e-02 9.144809673856187093e-02 9.890628805893462994e-02 4.871972304498270456e-02 3.272238072357731148e-03
2.038932597306498343e-03 6.017001445194667709e-03 1.235978665774736980e-02 5.889005049045806794e-01 5.105747467877241874e-02 5.883086895476312417e-02 2.882844406067001236e-02 1.008547740797505338e-01 9.944010399606481587e-02 4.840785881574263816e-02 3.264249809399511273e-03
2.021506171014661804e-03 5.702548825340655186e-03 1.134952211377010002e-02 5.844578943444124208e-01 4.833949634416070951e-02 5.859950518241599515e-02 2.759990612352024655e-02 1.106883456233814511e-01 9.990632397349498428e-02 4.807917308571590248e-02 3.255778212776584083e-03
2.003433602097232091e-03 5.398805444518445067e-03 1.038126624061579822e-02 5.795852833290043860e-01 4.569229397036469326e-02 5.831805391924580612e-02 2.639846541485135062e-02 1.209382321449120751e-01 1.003034772144317383e-01 4.773386496423110553e-02 3.246823755721310861e-03
1.984756449521572590e-03 5.105987446918410465e-03 9.455970489401981788e-03 5.742866648257123341e-01 4.311901568211234936e-02 5.798742117904051585e-02 2.522731199121859905e-02 1.315930299100587508e-01 1.006302703846414653e-01 4.737218369710638477e-02 3.237387944250555340e-03
1.965516752327114720e-03 4.824297465494572536e-03 8.574448831023276374e-03 5.685668564411041626e-01 4.062270663236845769e-02 5.760859646083095476e-02 2.408956043640641739e-02 1.426405266308406472e-01 1.008855891019193457e-01 4.699442792991420648e-02 3.227473317787235129e-03
1.945756905848520200e-03 4.553923603377502995e-03 7.737375594223426870e-03 5.624315012782037382e-01 3.820630396082776853e-02 5.718264982636214050e-02 2.298824242073341240e-02 1.540677191884082808e-01 1.010684989611164292e-01 4.660094481505479974e-02 3.217083445799770285e-03
1.925519537094730338e-03 4.295038445625364021e-03 6.945283862584993029e-03 5.558870669008695309e-01 3.587263187886954863e-02 5.671072886877158437e-02 2.192629948540128146e-02 1.658608330617271087e-01 1.011782460728652827e-01 4.619212896585126599e-02 3.206222920345952118e-03
