1.632974079089947322e-02 5.946771363272843058e-02 2.336064898502737686e-02 2.266605557099887584e-03 1.153142983211616901e-01 1.435439898923816515e-01 3.491458966406710274e-02 5.914261412656653949e-01 1.195345317555015184e-02 1.235570591162147300e-03 1.872481242801964519e-04
1.688478659337461218e-02 6.106938834951521067e-02 2.352511395911981509e-02 2.413135294684577801e-03 1.170261697300532533e-01 1.405669472903417205e-01 3.487139039202614976e-02 5.902839312080284673e-01 1.193778826773073121e-02 1.227639693380272456e-03 1.937092217350371492e-04
1.745056924241510793e-02 6.269068530019131225e-02 2.368382677433839359e-02 2.603803216163722359e-03 1.187257922611020533e-01 1.376153576199192485e-01 3.483699656051950089e-02 5.890556072340055183e-01 1.191798204315201032e-02 1.219040896172180529e-03 2.003388519935452592e-04
1.802693337088900200e-02 6.433100302759052480e-02 2.383665561441663042e-02 2.839630936314884238e-03 1.204110906518621599e-01 1.346900000054627733e-01 3.481362859484361111e-02 5.877400055643196009e-01 1.189412997609343332e-02 1.209781225934761185e-03 2.071410322469694051e-04
1.861370481001533780e-02 6.598970913938112526e-02 2.398347019673300468e-02 3.121579648234784187e-03 1.220800668136990674e-01 1.317916511173230498e-01 3.480358421062804825e-02 5.863359114783228687e-01 1.186633400838507831e-02 1.199868576541768522e-03 2.141200007467665162e-04
1.921069029297952854e-02 6.766614047724826830e-02 2.412414190824503299e-02 3.450549374083498357e-03 1.237307986989054642e-01 1.289210881888721016e-01 3.480923336965733444e-02 5.848420635702404891e-01 1.183470218262107354e-02 1.189311705574170458e-03 2.212802315603514555e-04
1.981767718873739606e-02 6.935960333527364796e-02 2.425854395236044445e-02 3.827378278149706596e-03 1.253614388529407098e-01 1.260790921740903014e-01 3.483301298691957038e-02 5.832571582967494006e-01 1.179934825525357812e-02 1.178120229838716801e-03 2.286264496516197335e-04
2.043443326750776085e-02 7.106937372802082931e-02 2.438655150657057305e-02 4.252842030990153753e-03 1.269702126823233079e-01 1.232664510238072192e-01 3.487742139983036893e-02 5.815798548027805159e-01 1.176039129168208151e-02 1.166304620229736879e-03 2.361636462589094057e-04
2.106070649949918355e-02 7.279469770865810985e-02 2.450804189055524884e-02 4.727653213663023969e-03 1.285554164697487178e-01 1.204839630577458770e-01 3.494501261124309532e-02 5.798087800127385005e-01 1.171795524559473244e-02 1.153876195980458718e-03 2.438970945416730194e-04
2.169622488832496920e-02 7.453479173739967212e-02 2.462289474450852708e-02 5.252460751711909327e-03 1.301154151685686711e-01 1.177324404090008131e-01 3.503839031852651331e-02 5.779425339731651956e-01 1.167216852494387842e-02 1.140847118372928818e-03 2.518323654674700998e-04
2.234069634055415449e-02 7.628884310046625539e-02 2.473099221726913696e-02 5.827849368898853702e-03 1.316486400096345266e-01 1.150127125160219227e-01 3.516020174179379509e-02 5.759796954304037264e-01 1.162316354708969705e-02 1.127230383952716091e-03 2.599753439070280896e-04
2.299380857267904407e-02 7.805601037954017218e-02 2.483221916378928681e-02 6.454339051503703122e-03 1.331535859533205246e-01 1.123256296369882640e-01 3.531313126504444927e-02 5.739188276291125046e-01 1.157107628579006134e-02 1.113039817320501338e-03 2.683322449071517740e-04
2.365522905691204436e-02 7.983542397181347949e-02 2.492646335151852549e-02 7.132384514755943025e-03 1.346288090198218268e-01 1.096720663605063734e-01 3.549989390467223754e-02 5.717584843135854467e-01 1.151604581274149296e-02 1.098290063555293870e-03 2.769096301073463873e-04
2.432460500695479005e-02 8.162618666041783488e-02 2.501361567510409362e-02 7.862374663704707611e-03 1.360729235311110286e-01 1.070529250861272236e-01 3.572322862047756786e-02 5.694972159148743440e-01 1.145821383657827201e-02 1.082996580335129910e-03 2.857144242684491039e-04
2.500156340493705706e-02 8.342737423496676685e-02 2.509357037881503050e-02 8.644632041993597152e-03 1.374845992964897901e-01 1.044691394480787988e-01 3.598589148477457367e-02 5.671335759060140980e-01 1.139772424220639700e-02 1.067175629829774774e-03 2.947539318789074562e-04
2.568571107060227746e-02 8.523803616199507327e-02 2.516622528610004336e-02 9.479412262795278155e-03 1.388625587740205947e-01 1.019216776544082520e-01 3.629064872616898779e-02 5.646661273061047703e-01 1.133472263353584204e-02 1.050844270421919012e-03 3.040358538026404845e-04
2.637663477372457002e-02 8.705719630472877335e-02 2.523148203559004779e-02 1.036690341739115659e-02 1.402055742390475868e-01 9.941154571490472269e-02 3.664026966477045011e-02 5.620934493149627453e-01 1.126935588258634428e-02 1.034020348337037244e-03 3.135683039375648578e-04
2.707390139071658153e-02 8.888385369171189487e-02 2.528924632282581950e-02 1.130722545799078479e-02 1.415124649896120634e-01 9.693979052986495537e-02 3.703751955630527753e-02 5.594141440577246049e-01 1.120177168814351018e-02 1.016722489252371324e-03 3.233598258462910434e-04
2.777705810614252216e-02 9.071698333351710386e-02 2.533942814706132904e-02 1.230042955252678288e-02 1.427820946177892070e-01 9.450750281267134012e-02 3.748515236317787047e-02 5.566268434208798688e-01 1.113211814695305030e-02 9.989700899572029943e-04 3.334194093264944664e-04
2.848563265999881286e-02 9.255553708698957549e-02 2.538194206234654221e-02 1.334649741040150848e-02 1.440133683745485893e-01 9.211581981909459926e-02 3.798590347082843321e-02 5.537302159580299588e-01 1.106054334066338025e-02 9.807833101448790083e-04 3.437565068852865315e-04
2.919913364125895430e-02 9.439844456593968203e-02 2.541670743218413589e-02 1.444534057948503036e-02 1.452052306536722459e-01 8.976592785668682795e-02 3.854248236826333940e-02 5.507229738464211044e-01 1.098719494152117400e-02 9.621830644164990716e-04 3.543810500832819980e-04
2.991705082822900680e-02 9.624461409735167450e-02 2.544364868700084437e-02 1.559679971569031751e-02 1.463566626193197329e-01 8.745906454801812002e-02 3.915756531184053091e-02 5.476038798723177337e-01 1.091221983991148836e-02 9.431910145727222770e-04 3.653034657154696969e-04
3.063885557616696786e-02 9.809293372213863382e-02 2.546269558368962488e-02 1.680064382805604786e-02 1.474666799991809496e-01 8.519652082243972524e-02 3.983378799200462672e-02 5.443717544255017859e-01 1.083576379673364953e-02 9.238295622888276215e-04 3.765346917941184471e-04
3.136400125237147340e-02 9.994227223914672886e-02 2.547378346647704780e-02 1.805656950307083647e-02 1.485343310635935665e-01 8.297964261149141929e-02 4.057373822262391044e-02 5.410254824821696396e-01 1.075797112350251189e-02 9.041218422436976630e-04 3.880861933017495501e-04
3.209192371897381935e-02 1.017914802911125266e-01 2.547685352843947690e-02 1.936420011361647542e-02 1.495586948088714896e-01 8.080983222444577951e-02 4.137994867288945916e-02 5.375640205550452633e-01 1.067898439308492819e-02 8.840917158107624869e-04 3.999699776824797528e-04
3.282204186345132751e-02 1.036393914912931286e-01 2.547185307285719166e-02 2.072308501880383569e-02 1.505388793604385822e-01 7.868854938123147347e-02 4.225488966192771784e-02 5.339864035908409301e-01 1.059894418370432162e-02 8.637637653893674760e-04 4.121986100414966065e-04
3.355375817678070416e-02 1.054848235890739200e-01 2.545873577383817726e-02 2.213269876217333759e-02 1.514740206096547859e-01 7.661731188126263969e-02 4.320096203633515264e-02 5.302917517944389925e-01 1.051798885888174419e-02 8.431632894772228635e-04 4.247852280215705443e-04
3.428645937906009411e-02 1.073265796732104926e-01 2.543746193548592632e-02 2.359244027691018847e-02 1.523632810953843286e-01 7.459769588839219867e-02 4.422049015081434831e-02 5.264792773599983322e-01 1.043625438576805536e-02 8.223162985844654398e-04 4.377435563301876873e-04
3.501951709224838949e-02 1.091634494108208037e-01 2.540799874899355229e-02 2.510163210761490182e-02 1.532058491389924337e-01 7.263133581312036791e-02 4.531571497203329413e-02 5.225482910890054677e-01 1.035387419411911390e-02 8.012495120886998666e-04 4.510879208894340167e-04
3.575228855957186813e-02 1.109942103204315939e-01 2.537032054708575346e-02 2.665951965912143756e-02 1.540009382391478443e-01 7.071992377541720665e-02 4.648878732594350499e-02 5.184982088764585884e-01 1.027097907810910898e-02 7.799903561324731662e-04 4.648332625825229449e-04
3.648411741100552469e-02 1.128176290771664703e-01 2.532440905525533414e-02 2.826527048379658125e-02 1.547477867302903265e-01 6.886520863291568928e-02 4.774176130807760571e-02 5.143285580453712535e-01 1.018769714284130726e-02 7.585669626811137678e-04 4.789951505753698986e-04
3.721433447410023299e-02 1.146324628482219415e-01 2.527025363928555798e-02 2.991797361941257727e-02 1.554456577059301348e-01 6.706899456112672131e-02 4.907658787681204449e-02 5.100389835127314697e-01 1.010415379733439756e-02 7.370081698470894518e-04 4.935897951892465963e-04
3.794225862933103127e-02 1.164374606564587411e-01 2.520785154854689181e-02 3.161663899025501240e-02 1.560938392058584812e-01 6.533313917454698638e-02 5.049510864859900472e-02 5.056292537669996312e-01 1.002047179546408304e-02 7.153435235935233678e-04 5.086340603047172703e-04
3.866719770893305846e-02 1.182313647700038300e-01 2.513720815470272055e-02 3.336019688495907298e-02 1.566916446634528948e-01 6.365955117931562657e-02 5.199904991414336375e-02 5.010992666421254516e-01 9.936771326111853292e-03 6.936032809479334219e-04 5.241454752798758434e-04
3.938844943815091731e-02 1.200129121158506063e-01 2.505833718541227925e-02 3.514749752459185583e-02 1.572384136075161420e-01 6.205018755049393486e-02 5.359001689396673124e-02 4.964490548692306326e-01 9.853170153592528957e-03 6.718184148402494161e-04 5.401422463646921761e-04
4.010530241759564796e-02 1.217808357148486148e-01 2.497126095266408510e-02 3.697731073512751376e-02 1.577335126100880835e-01 6.050705022920885995e-02 5.526948825120540920e-02 4.916787913918904129e-01 9.769783809032090219e-03 6.500206206962099928e-04 5.566432675981636833e-04
4.081703714539214323e-02 1.235338661361831958e-01 2.487601057551487582e-02 3.884832573844465564e-02 1.581763364702311325e-01 5.903218233734350284e-02 5.703881087888201112e-02 4.867887944285414492e-01 9.686725833307976638e-03 6.282423249243461027e-04 5.736681311774761592e-04
4.152292707754518669e-02 1.252707329684866755e-01 2.477262619689651890e-02 4.075915107608153037e-02 1.585663096209323497e-01 5.762766390967885566e-02 5.889919497827653116e-02 4.817795322677180803e-01 9.604108071639529468e-03 6.065166954220621446e-04 5.912371372856448657e-04
4.222223972491784272e-02 1.269901663055391927e-01 2.466115719436959980e-02 4.270831467987851182e-02 1.589028877448611099e-01 5.629560714619639278e-02 6.085170944425547651e-02 4.766516277824444647e-01 9.522041019869996459e-03 5.848776542543511394e-04 6.093713033739454757e-04
4.291423778502122949e-02 1.286908982437379723e-01 2.454166238455640636e-02 4.469426410342149797e-02 1.591855595827853520e-01 5.503815118947663620e-02 6.289727757254652551e-02 4.714058626509344263e-01 9.440634221967680179e-03 5.633598926399160153e-04 6.280923728896024589e-04
4.359818030677903300e-02 1.303716643890481530e-01 2.441421022125301460e-02 4.671536692784862554e-02 1.594138489162741645e-01 5.385745643485138900e-02 6.503667310318955730e-02 4.660431812706721799e-01 9.359996718190839032e-03 5.419988884035401022e-04 6.474228234481081310e-04
4.427332388621023351e-02 1.320312053706013955e-01 2.427887898690762880e-02 4.876991135503150332e-02 1.595873167055607000e-01 5.275569838350745167e-02 6.727051661335926858e-02 4.605646943554344008e-01 9.280237542869424969e-03 5.208309260413166667e-04 6.673858744480246725e-04
4.493892389093362416e-02 1.336682683585082021e-01 2.413575697764681546e-02 5.085610700068343010e-02 1.597055633613027326e-01 5.173506105135810412e-02 6.959927227176404552e-02 4.549716822034883257e-01 9.201466270595010100e-03 4.998931195602372051e-04 6.880054941266106104e-04
4.559423571123537300e-02 1.352816085831600457e-01 2.398494268157986761e-02 5.297208589889572383e-02 1.597682311283981360e-01 5.079772994901161909e-02 7.202324496594476877e-02 4.492655976282004526e-01 9.123793609197490898e-03 4.792234382578131535e-04 7.093064060640533013e-04
4.623851603540084926e-02 1.368699908532492737e-01 2.382654495047080434e-02 5.511590372918211134e-02 1.597750065584264689e-01 4.994588465086197832e-02 7.454257781249862269e-02 4.434480685413992318e-01 9.047332037702245783e-03 4.588607356014523173e-04 7.313140951354287758e-04
4.687102414680018037e-02 1.384321910700376246e-01 2.366068316470933477e-02 5.728554127559301601e-02 1.597256230469675242e-01 4.918169097372468435e-02 7.715725005921274249e-02 4.375209001815908993e-01 8.972196487036999263e-03 4.388447813831027815e-04 7.540548129228429606e-04
4.749102324024218058e-02 1.399669977349183303e-01 2.348748739159515000e-02 5.947890612683456868e-02 1.596198634109901315e-01 4.850729278805288036e-02 7.986707538689767627e-02 4.314860769795136886e-01 8.898505061026549395e-03 4.192162973192524759e-04 7.775555825913067721e-04
4.809778175495529884e-02 1.414732134477597603e-01 2.330709853693346476e-02 6.169383462483468000e-02 1.594575624815187942e-01 4.792480348718439892e-02 8.267170061761390520e-02 4.253457640546476348e-01 8.826379794991713601e-03 4.000169962776240385e-04 8.018442032422494351e-04
4.869057472144643073e-02 1.429496563932293740e-01 2.311966848987787385e-02 6.392809406801538974e-02 1.592386096859375599e-01 4.743629714233284916e-02 8.557060483447820332e-02 4.191023083368161095e-01 8.755947448750332068e-03 3.812896253041575621e-04 8.269492537580168780e-04
4.926868511947662954e-02 1.443951618124464931e-01 2.292536026106110209e-02 6.617938517410981714e-02 1.589629515948595972e-01 4.704379937342419160e-02 8.856309891720870464e-02 4.127582393077046663e-01 8.687340330890667289e-03 3.630780126389499137e-04 8.529000961431265236e-04
4.983140524424151119e-02 1.458085834572280248e-01 2.272434811396126589e-02 6.844534480583952529e-02 1.586305944082725961e-01 4.674927796815065567e-02 9.164832549618523450e-02 4.063162693582566543e-01 8.620697150552972948e-03 3.454271189004947946e-04 8.797268783911363571e-04
1.590839307645158102e-02 6.037597257100587450e-02 2.490348240855915635e-02 1.400022984486645533e-03 1.096625356596542811e-01 1.323723743229795469e-01 2.355661243379661776e-02 6.195904025147220828e-01 1.103295179142804554e-02 1.016670815009876111e-03 1.805814218955198469e-04
1.644825782468788827e-02 6.200730692318977277e-02 2.513839179358735507e-02 1.437612509116601746e-03 1.108128806655504228e-01 1.295868607709663445e-01 2.350014226327926115e-02 6.188357284780475753e-01 1.103735338576581487e-02 1.008747621760814868e-03 1.867177640329134418e-04
1.699849597726586781e-02 6.365892588072917524e-02 2.536887447644269045e-02 1.507486502023373115e-03 1.119561688600275717e-01 1.268335631305726185e-01 2.345547387096563741e-02 6.179886887632854986e-01 1.103903634782212213e-02 1.000278686367573298e-03 1.930075044714296944e-04
1.755895145723754269e-02 6.533022793892867552e-02 2.559476276816553125e-02 1.610511336810470807e-03 1.130915581647539692e-01 1.241126828101423857e-01 2.342469057281031802e-02 6.170477822571492910e-01 1.103810600133354851e-02 9.912725900757504878e-04 1.994541025598955042e-04
1.812944975397268177e-02 6.702057978620000467e-02 2.581588813668083196e-02 1.747521074204856162e-03 1.142182645286181630e-01 1.214244106008184887e-01 2.340995926863025101e-02 6.160114553869049381e-01 1.103467153508707645e-02 9.817387012973496311e-04 2.060612275265341848e-04
1.870979763817493327e-02 6.872931643623604592e-02 2.603208135633911305e-02 1.919317369545650836e-03 1.153355573207788254e-01 1.187689311073156090e-01 2.341352615307255511e-02 6.148781071174389545e-01 1.102884555743145756e-02 9.716871703102142235e-04 2.128327733872829375e-04
1.929978290669308316e-02 7.045574140968006993e-02 2.624317267195389741e-02 2.126669345034204635e-03 1.164427544883941262e-01 1.161464273326356933e-01 2.343771213449566057e-02 6.136460942743212632e-01 1.102074363939585175e-02 9.611289231880692889e-04 2.197728741910104019e-04
1.989917415869753986e-02 7.219912696608737912e-02 2.644899197701283677e-02 2.370313412563326578e-03 1.175392175212678914e-01 1.135570853915195827e-01 2.348490796926776952e-02 6.123137371797600093e-01 1.101048384919853587e-02 9.500756550017391399e-04 2.268859195750777265e-04
2.050772060467211111e-02 7.395871438647348695e-02 2.664936900579040549e-02 2.650953033638697894e-03 1.186243462666828341e-01 1.110010993263676610e-01 2.355756911990601610e-02 6.108793255826197033e-01 1.099818628092501249e-02 9.385398223280998816e-04 2.341765706020674967e-04
2.112515190966116063e-02 7.573371430688866091e-02 2.684413353896125329e-02 2.969258403895623337e-03 1.196975736377275945e-01 1.084786759992448502e-01 2.365821034610822438e-02 6.093411248662233826e-01 1.098397258031850489e-02 9.265346351178586036e-04 2.416497758480696308e-04
2.175117807218892446e-02 7.752330710341903686e-02 2.703311562221745457e-02 3.325866050638700937e-03 1.207583602586932148e-01 1.059900400317334568e-01 2.378940003927940833e-02 6.076973825154029507e-01 1.096796547073726480e-02 9.140740479647521417e-04 2.493107877121548185e-04
2.238548934014165243e-02 7.932664332858994916e-02 2.721614579736733597e-02 3.721378333042559688e-03 1.218061890908202771e-01 1.035354387642643398e-01 2.395375431159510460e-02 6.059463348220092138e-01 1.095028828238319048e-02 9.011727508302016122e-04 2.571651789142895880e-04
2.302775616491684746e-02 8.114284419952640104e-02 2.739305534536723083e-02 4.156362835846461740e-03 1.228405600813852888e-01 1.011151472055008965e-01 2.415393085193758699e-02 6.040862138090667965e-01 1.093106448797591043e-02 8.878461592658052660e-04 2.652188591497502655e-04
2.367762919503655500e-02 8.297100213768247856e-02 2.756367654057115951e-02 4.631351648767388467e-03 1.238609848781216938e-01 9.872947294221599834e-02 2.439262256200508752e-02 6.021152543514057820e-01 1.091041724812226964e-02 8.741104041972114994e-04 2.734780918658280546e-04
2.433473931033298260e-02 8.481018136007562047e-02 2.772784291554138136e-02 5.146840525265082913e-03 1.248669816501389029e-01 9.637876097943751108e-02 2.467255098650911194e-02 6.000317014706441077e-01 1.088846896959099440e-02 8.599823213251197446e-04 2.819495111280728977e-04
2.499869769780487666e-02 8.665941852186526129e-02 2.788538953571337298e-02 5.703287915798350809e-03 1.258580700554454701e-01 9.406339848030961792e-02 2.499645955282746648e-02 5.978338177816441279e-01 1.086534087984137101e-02 8.454794401969640584e-04 2.906401385408867661e-04
2.566909597008566052e-02 8.851772340998523281e-02 2.803615328308972990e-02 6.301113872334828184e-03 1.268337663931997372e-01 9.178381937524479617e-02 2.536710663585643385e-02 5.955198910660413070e-01 1.084115262098709481e-02 8.306199730185243654e-04 2.995574001873931979e-04
2.634550632742212184e-02 9.038407968721606789e-02 2.817997314819230270e-02 6.940698822434034423e-03 1.277935789774490294e-01 8.954050880967465154e-02 2.578725846509061920e-02 5.930882419491508850e-01 1.081602186651069337e-02 8.154228032705790677e-04 3.087091435553728316e-04
2.702748176395533553e-02 9.225744568651052246e-02 2.831669052948826079e-02 7.622382212974876912e-03 1.287370037673842837e-01 8.733400739989005679e-02 2.625968189153538371e-02 5.905372316558067380e-01 1.079006396385919636e-02 7.999074741929479123e-04 3.181036544126730043e-04
2.771455631899366959e-02 9.413675525452928905e-02 2.844614953939872751e-02 8.346461025200363829e-03 1.296635202860766667e-01 8.516491526692522573e-02 2.678713703297041712e-02 5.878652698189090753e-01 1.076339160615065287e-02 7.840941772181764854e-04 3.277496736001161786e-04
2.840624537391360505e-02 9.602091864409049993e-02 2.856819731608510604e-02 9.113188164619229203e-03 1.305725878586325717e-01 8.303389581865543156e-02 2.737236981682452525e-02 5.850708223171601219e-01 1.073611453590177754e-02 7.680037404216720660e-04 3.376564137039650545e-04
2.910204599511525408e-02 9.790882345421210442e-02 2.868268434021479033e-02 9.922770730725088972e-03 1.314636421967440572e-01 8.094167925072064118e-02 2.801810444065172545e-02 5.821524191149822780e-01 1.070833928392537875e-02 7.516576170729304899e-04 3.478335755796064122e-04
2.980143732347549299e-02 9.979933561722666158e-02 2.878946475579401143e-02 1.077536817358035887e-02 1.323360923552364121e-01 7.888906573831411251e-02 2.872703577072907230e-02 5.791086620805779850e-01 1.068016894604219627e-02 7.350778743677842267e-04 3.582913646878585273e-04
3.050388101054612652e-02 1.016913004315951885e-01 2.888839669431035248e-02 1.167109034554833502e-02 1.331893180821714651e-01 7.687692829054244836e-02 2.950182170006745291e-02 5.759382327551673120e-01 1.065170300042968081e-02 7.182871824294828319e-04 3.690405072166211384e-04
3.120882170163963992e-02 1.035835436393727632e-01 2.897934260141907942e-02 1.260999545839963480e-02 1.340226675823058822e-01 7.490621524138774134e-02 3.034507548761918722e-02 5.726399000501462000e-01 1.062303716810632757e-02 7.013088036688129101e-04 3.800922659526490693e-04
3.191568756585082961e-02 1.054748725471053028e-01 2.906216956529198911e-02 1.359208795741348105e-02 1.348354557093925377e-01 7.297795235160199623e-02 3.125935810060807146e-02 5.692125278453199488e-01 1.059426331892399098e-02 6.841665826016601068e-04 3.914584558780174832e-04
3.262389087296355822e-02 1.073640771885895490e-01 2.913674964603482978e-02 1.461731632558615351e-02 1.356269626007237106e-01 7.109324449739945484e-02 3.224717058300406725e-02 5.656550824647804676e-01 1.056546942520893845e-02 6.668849362153480512e-04 4.031514594573992402e-04
3.333282861694010502e-02 1.092499315282551980e-01 2.920296020535319281e-02 1.568557083251521239e-02 1.363964327634527574e-01 6.925327692341340380e-02 3.331094647260266634e-02 5.619666400056999578e-01 1.053673956510356099e-02 6.494888449975662077e-04 4.151842415929619728e-04
3.404188318575246397e-02 1.111311947033287728e-01 2.926068423588330802e-02 1.679668124379571359e-02 1.371430746192356109e-01 6.745931603894894657e-02 3.445304429013524433e-02 5.581463934967223484e-01 1.050815397723244178e-02 6.320038447320925571e-04 4.275703642193419158e-04
3.475042307704956368e-02 1.130066123033573455e-01 2.930981068954324059e-02 1.795041450790930276e-02 1.378660605102433878e-01 6.571270973807542826e-02 3.567574012362892399e-02 5.541936598622195786e-01 1.047978916831432926e-02 6.144560191695908145e-04 4.403240005135509744e-04
3.545780365904192821e-02 1.148749176850513559e-01 2.935023480431292464e-02 1.914647243883293992e-02 1.385645271667554634e-01 6.401488722636988760e-02 3.698122033124347230e-02 5.501078866710957804e-01 1.045171807486744951e-02 5.968719937057845532e-04 4.534599487001188126e-04
3.616336797594420921e-02 1.167348333208228506e-01 2.938185842900378764e-02 2.038448941325425937e-02 1.392375766326958975e-01 6.236735833878516433e-02 3.837157438615362848e-02 5.458886586476088265e-01 1.042401028008228814e-02 5.792789301743027277e-04 4.669936454288775725e-04
3.686644759703150420e-02 1.185850721788319767e-01 2.940459034545917991e-02 2.166403010238097254e-02 1.398842776427825785e-01 6.077171233529649053e-02 3.984878788643814174e-02 5.415357039236408099e-01 1.039673228650566869e-02 5.617045228988094309e-04 4.809411787066326374e-04
3.756636350842317007e-02 1.204243391326352275e-01 2.941834658785002013e-02 2.298458725881986214e-02 1.405036674412815934e-01 5.922961616337414636e-02 4.141473575320933631e-02 5.370489000129057278e-01 1.036994784497662775e-02 5.441769961262948960e-04 4.953193003674623805e-04
3.826242704637709824e-02 1.222513323982730715e-01 2.942305075867435171e-02 2.434557957949066986e-02 1.410947540302384950e-01 5.774281217861854804e-02 4.307117563956614631e-02 5.324282794877347458e-01 1.034371833994187848e-02 5.267251029920636853e-04 5.101454380674603876e-04
3.895394087091302859e-02 1.240647449965288918e-01 2.941863434118213369e-02 2.574634966599504554e-02 1.416565188306196377e-01 5.631311531700387146e-02 4.481974157276460285e-02 5.276740353410404039e-01 1.031810323098924717e-02 5.093781261545232437e-04 5.254377067899795341e-04
3.964019997836989995e-02 1.258632662381175271e-01 2.940503700792540531e-02 2.718616210400757321e-02 1.421879197386100857e-01 5.494240971522579980e-02 4.666193785141876937e-02 5.227865260161320693e-01 1.029316055005295889e-02 4.921658802564264808e-04 5.412149198528214480e-04
4.032049275137049305e-02 1.276455832294608461e-01 2.938220692532042891e-02 2.866420168315992473e-02 1.426878945554130307e-01 5.363264477783923762e-02 4.859913321903214234e-02 5.177662800890773243e-01 1.026894745353923444e-02 4.751187163666730265e-04 5.574965994104006447e-04
4.099410204458492357e-02 1.294103823965350730e-01 2.935010105400934904e-02 3.017957177885403214e-02 1.431553647669229490e-01 5.238583069250669910e-02 5.063255533443603712e-02 5.126140005889087137e-01 1.024552082823555234e-02 4.582675285698676118e-04 5.743029864432708763e-04
4.166030630453395472e-02 1.311563510243743125e-01 2.930868544494040148e-02 3.173129291708627620e-02 1.435892396472600030e-01 5.120403339778103330e-02 5.276328555898307515e-02 5.073305689424011389e-01 1.022293794953347233e-02 4.416437628660615264e-04 5.916550502346002924e-04
4.231838072153609742e-02 1.328821788097001577e-01 2.925793553108315542e-02 3.331830154288074886e-02 1.439884206577917436e-01 5.008936901008129855e-02 5.499225407943392901e-02 5.019170485313080299e-01 1.020125719023897565e-02 4.252794285623474804e-04 6.095744973311215857e-04
4.296759841182357098e-02 1.345865594239635810e-01 2.919783641481426759e-02 3.493944901209677933e-02 1.443518061116194351e-01 4.904399771954690707e-02 5.732023538473627472e-02 4.963746878511632321e-01 1.018053877786402953e-02 4.092071123309227489e-04 6.280837799903845470e-04
4.360723162773359751e-02 1.362681920843643590e-01 2.912838315092346544e-02 3.659350082582978059e-02 1.446782960714060873e-01 4.807011716736631773e-02 5.974784411352658531e-02 4.907049232615873224e-01 1.016084559798570777e-02 3.934599951237403295e-04 6.472061041203345296e-04
4.423655299369309846e-02 1.379257831298340009e-01 2.904958102526820213e-02 3.827913612545957855e-02 1.449667974474249388e-01 4.716995531952766774e-02 6.227553128836221807e-02 4.849093813205664905e-01 1.014224404103899677e-02 3.780718721307101040e-04 6.669654367140321737e-04
4.485483676574916756e-02 1.395580475996452408e-01 2.896144582919394153e-02 3.999494746505613540e-02 1.452162292607228067e-01 4.634576285515881744e-02 6.490358095159343144e-02 4.789898806946044085e-01 1.012480488942953463e-02 3.630771759816450619e-04 6.873865127901351239e-04
4.546136011218426115e-02 1.411637108116812200e-01 2.886400412974127888e-02 4.173944087715768247e-02 1.454255280362564962e-01 4.559980509008407235e-02 6.763210721611963294e-02 4.729484336398051547e-01 1.010860424171864530e-02 3.485110033886023033e-04 7.084948418503441521e-04
4.605540441267770568e-02 1.427415099374922391e-01 2.875729353567508736e-02 4.351103624564196803e-02 1.455936532888256196e-01 4.493435345897815736e-02 7.046105174333515409e-02 4.667872470477252844e-01 1.009372447029634190e-02 3.344091454385513147e-04 7.303167138620049416e-04
4.663625657341240183e-02 1.442901955717672824e-01 2.864136295952181624e-02 4.530806799872919705e-02 1.457195930654936744e-01 4.435167658212829656e-02 7.339018165917639280e-02 4.605087230545807930e-01 1.008025520861878174e-02 3.208081217422866708e-04 7.528792047869108713e-04
4.720321035550020805e-02 1.458085332928952815e-01 2.851627287554938869e-02 4.712878613270551215e-02 1.458023695066279213e-01 4.385403094546302255e-02 7.641908791752100027e-02 4.541154592094169273e-01 1.006829436391794459e-02 3.077452186577795475e-04 7.762101816656075213e-04
4.775556771381813531e-02 1.472953052122719098e-01 2.838209557379522269e-02 4.897135757571211695e-02 1.458410443887826202e-01 4.344365122482801711e-02 7.954718411889315222e-02 4.476102482017804696e-01 1.005794915097742853e-02 2.952585317975398808e-04 8.003383072802559752e-04
4.829264014352291357e-02 1.487493115093306562e-01 2.823891541020029719e-02 5.083386789864146466e-02 1.458347246119157947e-01 4.312274028797336012e-02 8.277370579083082047e-02 4.409960771477420827e-01 1.004933714234390249e-02 2.833870130480700190e-04 8.252930444118898026e-04
1.546298622479239104e-02 6.103029909531848540e-02 2.618304266522395937e-02 7.867460188306493393e-04 1.047687030216516296e-01 1.211638792021141053e-01 1.434998363454766980e-02 6.447051220652622039e-01 1.053304543171651626e-02 8.419953838965164687e-04 1.741972565824900494e-04
1.598688848051091002e-02 6.268262647939684684e-02 2.649117467955396099e-02 7.406277200308195767e-04 1.053163836958419808e-01 1.185640278578194845e-01 1.428910826936853617e-02 6.443449657289940236e-01 1.056990778181567808e-02 8.342573934284102169e-04 1.800319131978897415e-04
1.652078907665013169e-02 6.435570550770146336e-02 2.679669868463807267e-02 7.156411568378286819e-04 1.058617678095020720e-01 1.160028059876258288e-01 1.424090925165908371e-02 6.438880490071963170e-01 1.060554819565201132e-02 8.260793760480165818e-04 1.860059464560624405e-04
1.706453167248761851e-02 6.604893389055638275e-02 2.709942495797522041e-02 7.124726429393116178e-04 1.064053020632203250e-01 1.134798497278297486e-01 1.420727559630735951e-02 6.433325501002649105e-01 1.064006547677651821e-02 8.174715821794021871e-04 1.921222894624263604e-04
1.761794189145484552e-02 6.776167680144941363e-02 2.739916018993455299e-02 7.318025701947860652e-04 1.069474722134536177e-01 1.109947773733602622e-01 1.419018974883021200e-02 6.426765909838461077e-01 1.067355915361462709e-02 8.084449995443887321e-04 1.983840742720652131e-04
1.818082704752113643e-02 6.949326697664920394e-02 2.769570761686481614e-02 7.743060155789981570e-04 1.074887948806236837e-01 1.085471951488258258e-01 1.419172422592571842e-02 6.419182431038679137e-01 1.070612899189477343e-02 7.990113453339044549e-04 2.047946469394118767e-04
1.875297590097500799e-02 7.124300486464446580e-02 2.798886717262265983e-02 8.406532202201335950e-04 1.080298092007182242e-01 1.061367031429249486e-01 1.421403791140116515e-02 6.410555334389596016e-01 1.073787450722356665e-02 7.891830574025544397e-04 2.113575829172840384e-04
1.933415844513726445e-02 7.301015882622433062e-02 2.827843565832648814e-02 9.315099232821081720e-04 1.085710683755123362e-01 1.037629013794398730e-01 1.425937201060866258e-02 6.400864509131821700e-01 1.076889448096728270e-02 7.789732845256780534e-04 2.180767027796044939e-04
1.992412572542415911e-02 7.479396538568904018e-02 2.856420692997662519e-02 1.047537534565608219e-03 1.091131311758875011e-01 1.014253959946052608e-01 1.433004566807218744e-02 6.390089531389948618e-01 1.079928648284330349e-02 7.683958757348087303e-04 2.249560882368620502e-04
2.052260969216983255e-02 7.659362953361686932e-02 2.884597210355565461e-02 1.189393131101797564e-03 1.096565534534271191e-01 9.912380549235583205e-02 1.442845125368671585e-02 6.378209734694553212e-01 1.082914640341186424e-02 7.574653687817374872e-04 2.320000984157139477e-04
2.112932308859089697e-02 7.840832508183420702e-02 2.912351977710651157e-02 1.357729264410423037e-03 1.102018797149095369e-01 9.685776704590427777e-02 1.455704932474218005e-02 6.365204283382717154e-01 1.085856800009638197e-02 7.461969777600570243e-04 2.392133863716307089e-04
2.174395937516040295e-02 8.023719507055793176e-02 2.939663626925202028e-02 1.553193566728043639e-03 1.107496348134318631e-01 9.462694281445781230e-02 1.471836327189466297e-02 6.351052248628442642e-01 1.088764245994096498e-02 7.346065799282951170e-04 2.466009158012598900e-04
2.236619269166675861e-02 8.207935222826387434e-02 2.966510587352663708e-02 1.776428146198586258e-03 1.113003158092872313e-01 9.243102624291819891e-02 1.491497365869646000e-02 6.335732686870201302e-01 1.091645798271174972e-02 7.227107017849142495e-04 2.541679779229937984e-04
2.299567785811240661e-02 8.393387948418416789e-02 2.992871112783355297e-02 2.028068762879160943e-03 1.118543840521065980e-01 9.026974831193676496e-02 1.514951226561432954e-02 6.319224720367081494e-01 1.094509938766893495e-02 7.105265044331753044e-04 2.619202084915034259e-04
2.363205041557441335e-02 8.579983053348157196e-02 3.018723309829408896e-02 2.308743779292910837e-03 1.124122575345451736e-01 8.814288370525646954e-02 1.542465585057666531e-02 6.301507619623027967e-01 1.097364774747457139e-02 6.980717683046346262e-04 2.698636049121421474e-04
2.427492670803098329e-02 8.767623045503583623e-02 3.044045167669856208e-02 2.619072881264166309e-03 1.129743035653379968e-01 8.605025686101284987e-02 1.574311963969333983e-02 6.282560887396588800e-01 1.100218005249820920e-02 6.853648772836993999e-04 2.780045434202725835e-04
2.492390400616516927e-02 8.956207638177732244e-02 3.068814589076903840e-02 2.959665566860596002e-03 1.135408318081686241e-01 8.399174787356664118e-02 1.610765056284094512e-02 6.262364344023121365e-01 1.103076890889937919e-02 6.724248023041327687e-04 2.863497962922205084e-04
2.557856067389457921e-02 9.145633822292753567e-02 3.093009422634020525e-02 3.331119403339424800e-03 1.141120877294941466e-01 8.196729821240439362e-02 1.652102025005691352e-02 6.240898213744339174e-01 1.105948227354933665e-02 6.592710844823898445e-04 2.949065490511505174e-04
2.623845637854653468e-02 9.335795943818227249e-02 3.116607496063298829e-02 3.734018054159025761e-03 1.146882464965386372e-01 7.997691622488918572e-02 1.698601780613822471e-02 6.218143211764313172e-01 1.108838322894785747e-02 6.459238178512338550e-04 3.036824176345871750e-04
2.690313234523037181e-02 9.526585786292905700e-02 3.139586650568879089e-02 4.168929080296640034e-03 1.152694073631899130e-01 7.802068238987786009e-02 1.750544238180157947e-02 6.194080631726620600e-01 1.111752980103437004e-02 6.324036317818189411e-04 3.126854654882895075e-04
2.757211165605538000e-02 9.717892658416635299e-02 3.161924776111299518e-02 4.636401522248030475e-03 1.158555885787188877e-01 7.609875428969266331e-02 1.808209556101685739e-02 6.168692433306195433e-01 1.114697482264322484e-02 6.187316731602232785e-04 3.219242205526220806e-04
2.824489959465689010e-02 9.909603486625782887e-02 3.183599847518838594e-02 5.136963271231554176e-03 1.164467228507106711e-01 7.421137126857189903e-02 1.871877358523609328e-02 6.141961329623700783e-01 1.117676584528834276e-02 6.049295884136222240e-04 3.314076921084268645e-04
2.892098403636123027e-02 1.010160291256181758e-01 3.204589961352675292e-02 5.671118240323422786e-03 1.170426533902398925e-01 7.235885874655755001e-02 1.941825943624843689e-02 6.113870874166068559e-01 1.120694510158949664e-02 5.910195054759724131e-04 3.411453874490450160e-04
2.959983588432445883e-02 1.029377339536036717e-01 3.224873373436454305e-02 6.239343348139454390e-03 1.176431305634235980e-01 7.054163215850918489e-02 2.018331480047431264e-02 6.084405546923333796e-01 1.123754952066293236e-02 5.770240157819711991e-04 3.511473283470342450e-04
3.028090955169485121e-02 1.048599531863216167e-01 3.244428536963148840e-02 6.842085329911459617e-03 1.182478091698680039e-01 6.876020048915226779e-02 2.101667193826148652e-02 6.053550839431279806e-01 1.126861079835361767e-02 5.629661563984609445e-04 3.614240672843035095e-04
3.096364348988734846e-02 1.067814710202949352e-01 3.263234141102994146e-02 7.479757392552015272e-03 1.188562463645688183e-01 6.701516937662163609e-02 2.192102548264563203e-02 6.021293338424504871e-01 1.130015552409949393e-02 5.488693923968591525e-04 3.719867034164786417e-04
3.164746076287413418e-02 1.087010531727153895e-01 3.281269150032276732e-02 8.152735732197010851e-03 1.194679002356848069e-01 6.530724375745859678e-02 2.289902419299772243e-02 5.987620807819857838e-01 1.133220536592853545e-02 5.347575995831518620e-04 3.828468982447870905e-04
3.233176966721477974e-02 1.106174480848879232e-01 3.298512842306620951e-02 8.861355934439051757e-03 1.200821290466824592e-01 6.363723002870298739e-02 2.395326268928459762e-02 5.952522268723318133e-01 1.136477731471976366e-02 5.206550476968120709e-04 3.940168909649644749e-04
3.301596439756634971e-02 1.125293881673375684e-01 3.314944850513937974e-02 9.605909279058955780e-03 1.206981911471810553e-01 6.200603770347024035e-02 2.508627319350592577e-02 5.915988077202786188e-01 1.139788398873103036e-02 5.065863842167309724e-04 4.055095134726515197e-04
3.369942575714460209e-02 1.144355910850760466e-01 3.330545201140836659e-02 1.038663897247487332e-02 1.213152455528180018e-01 6.041468053881832168e-02 2.630051730527724688e-02 5.878009999541075059e-01 1.143153399896619168e-02 4.925766188912063985e-04 4.173382049984100195e-04
3.438152191254895129e-02 1.163347610812489330e-01 3.345294354593465747e-02 1.120373633245378732e-02 1.219323531900979724e-01 5.886427711631751769e-02 2.759837783888147156e-02 5.838581284712752728e-01 1.146573237569614018e-02 4.786511091439371829e-04 4.295170263537060294e-04
3.506160919227386402e-02 1.182255903374226369e-01 3.359173245319396761e-02 1.205733695083255168e-02 1.225484787983441015e-01 5.735605085827528982e-02 2.898215074932999208e-02 5.797696733838563210e-01 1.150048105617841598e-02 4.648355464908955365e-04 4.420606737662147829e-04
3.573903292796511838e-02 1.201067603686064855e-01 3.372163321988532608e-02 1.294751686076512677e-02 1.231624934771246016e-01 5.589132946408540553e-02 3.045403717528336746e-02 5.755352766366563788e-01 1.153577943317508729e-02 4.511559441220176661e-04 4.549844922894612231e-04
3.641312833755257217e-02 1.219769434510289269e-01 3.384246587681238178e-02 1.387428873610614503e-02 1.237731778628447799e-01 5.447154375437947976e-02 3.201613562648421285e-02 5.711547482764710582e-01 1.157162496366563598e-02 4.376386258103770574e-04 4.683044887687423923e-04
3.708322144900753903e-02 1.238348040806195316e-01 3.395405640063121205e-02 1.483759815080135276e-02 1.243792259154634650e-01 5.309822591247295720e-02 3.367043434346642106e-02 5.666280723501078143e-01 1.160801383674967338e-02 4.243102163063668152e-04 4.820373443552381106e-04
3.774863006362378509e-02 1.256790004599516175e-01 3.405623711503288908e-02 1.583731992676239153e-02 1.249792492916297904e-01 5.177300711530326977e-02 3.541880385703617684e-02 5.619554124113002036e-01 1.164494169939028594e-02 4.111976333911903812e-04 4.962004265514443659e-04
3.840866475734997648e-02 1.275081860115645505e-01 3.414884709124325901e-02 1.687325459889221085e-02 1.255717822779322812e-01 5.049761454900757174e-02 3.726298977469167523e-02 5.571371166183790580e-01 1.168240443833957164e-02 3.983280817716033082e-04 5.108118007867818409e-04
3.906262991873685891e-02 1.293210109151133880e-01 3.423173254761815304e-02 1.794512502578374247e-02 1.261552872540828429e-01 4.927386780648732728e-02 3.920460582062500893e-02 5.521737224047821302e-01 1.172039901625653024e-02 3.857290489935688788e-04 5.258902415126380080e-04
3.970982482184579748e-02 1.311161236661788632e-01 3.430474724817178522e-02 1.905257317449896015e-02 1.267281606528141702e-01 4.810367466756923505e-02 4.124512715559960907e-02 5.470659607072402286e-01 1.175892435963534280e-02 3.734283035728913559e-04 5.414552428158428844e-04
4.034954473239163453e-02 1.328921726541106851e-01 3.436775290006976319e-02 2.019515710748070320e-02 1.272887393810041845e-01 4.698902626495638640e-02 4.338588400210119378e-02 5.418147597378524249e-01 1.179798229589823326e-02 3.614538955369809127e-04 5.575270285504861298e-04
4.098108204526822174e-02 1.346478077564350617e-01 3.442061954998756196e-02 2.137234819876931979e-02 1.278353076628186424e-01 4.593199164210201579e-02 4.562805559937967159e-02 5.364212482869775700e-01 1.183757853663944259e-02 3.498341595821560139e-04 5.741265619886971134e-04
4.160372745145964057e-02 1.363816819472133679e-01 3.446322597936250787e-02 2.258352860613394714e-02 1.283661042644490824e-01 4.493471171214458854e-02 4.797266451230070700e-02 5.308867585471036543e-01 1.187772370372037339e-02 3.385977210616130306e-04 5.912755549945704217e-04
4.221677113224914929e-02 1.380924529166374370e-01 3.449546009858125289e-02 2.382798902462399809e-02 1.288793300571430822e-01 4.399939262983766641e-02 5.042057131644617218e-02 5.252128284481186737e-01 1.191843439457269428e-02 3.277735050151131231e-04 6.089964767301846204e-04
