1.164600177370366668e-02 9.496621968304574946e-02 1.094241094106457174e-01 4.154255038579337568e-03 2.020053824184304681e-01 1.224955576332753017e-02 5.762578779891044251e-02 1.896655672578623775e-01 2.884096214259550539e-01 2.880688116603496302e-02 1.046618263459069042e-03
1.170823281600604122e-02 9.569703152757735864e-02 1.087983819129307167e-01 6.068500947654140165e-03 1.985026850767035722e-01 1.342541870733626741e-02 5.390052970935479970e-02 1.915048529328886029e-01 2.904076110481390027e-01 2.892857021662928463e-02 1.058185104775873206e-03
1.176165161888605669e-02 9.635700590521902031e-02 1.080838968358882463e-01 8.338844680159697431e-03 1.949484843472935047e-01 1.474475891523524540e-02 5.044926003930050307e-02 1.930656993652384856e-01 2.921751206818148927e-01 2.900646367673215958e-02 1.068813934154797408e-03
1.180615368791110634e-02 9.694449427521659168e-02 1.072819577799016683e-01 1.096116977398299726e-02 1.913541448048025062e-01 1.619313984802157533e-02 4.728977064979382472e-02 1.943466401294574319e-01 2.937044328479864741e-01 2.903961399935281462e-02 1.078482203578737383e-03
1.184165473563687614e-02 9.745797545938340856e-02 1.063940711812688816e-01 1.393059285697861860e-02 1.877306450362698220e-01 1.775591150595320564e-02 4.443917681711481715e-02 1.953473173079901537e-01 2.949882611568895308e-01 2.902722295135784503e-02 1.087170991105600301e-03
1.186809110722555037e-02 9.789606092716630903e-02 1.054219434075175654e-01 1.724148838102501635e-02 1.840885371845700225e-01 1.941827150123965479e-02 4.191383724875338140e-02 1.960684701737809843e-01 2.960197846873826033e-01 2.896865014909767028e-02 1.094865232206044961e-03
1.188542014872556729e-02 9.825749981204785766e-02 1.043674771059672213e-01 2.088751460972206736e-02 1.804379100138601144e-01 2.116532667758574959e-02 3.972927620665447218e-02 1.965119187510450116e-01 2.967926815210574221e-01 2.886342120751352741e-02 1.101553945841032356e-03
1.189362051692563482e-02 9.854118364283048770e-02 1.032327668106899216e-01 2.486164074104983343e-02 1.767883556127748945e-01 2.298215501962496896e-02 3.790010812554819863e-02 1.966805423508145301e-01 2.973011612706017992e-01 2.871123545483514339e-02 1.107230454298951819e-03
1.189269242995921738e-02 9.874615077380337336e-02 1.020200938159058213e-01 2.915617504740809773e-02 1.731489398266150281e-01 2.485386759237313836e-02 3.643996510650172882e-02 1.965782532037456398e-01 2.975399964418911081e-01 2.851197316594600295e-02 1.111892595820895618e-03
1.188265785803309556e-02 9.887159049876775851e-02 1.007319203286344833e-01 3.376279391732447260e-02 1.695281764861586438e-01 2.676567024926072152e-02 3.536142765547804767e-02 1.962099653383579112e-01 2.975045524708773703e-01 2.826570226802074814e-02 1.115542929033563370e-03
1.186356065398976901e-02 9.891684683415560841e-02 9.937088291705764576e-02 3.867257168509564969e-02 1.659340054774351703e-01 2.870292484676495448e-02 3.467595902537474323e-02 1.955815588787684911e-01 2.971908162794859587e-01 2.797268447358252502e-02 1.118188928224823821e-03
1.183546662357578064e-02 9.888142195790468325e-02 9.793978527520244559e-02 4.387601113694342830e-02 1.623737746731026554e-01 3.065120970443112325e-02 3.439384350554583469e-02 1.946998399603565577e-01 2.965954231971004718e-01 2.763338079729638075e-02 1.119843168503535050e-03
1.179846353559564805e-02 9.876497929058142278e-02 9.644159032817871402e-02 4.936307458486368510e-02 1.588542257237714195e-01 3.259637905075919717e-02 3.452412898722444223e-02 1.935724964852223173e-01 2.957156820992704604e-01 2.724845641460146156e-02 1.120523499901722453e-03
1.175266107238310057e-02 9.856734620734736163e-02 9.487941170642490152e-02 5.512321540240458506e-02 1.553814836851323267e-01 3.452462119870016583e-02 3.507457411491075872e-02 1.922080499613772753e-01 2.945495986196471350e-01 2.681878482216801252e-02 1.120253209491300700e-03
1.169819072125095720e-02 9.828851636914362477e-02 9.325650462096943261e-02 6.114540991957771732e-02 1.519610504355374536e-01 3.642251519845633723e-02 3.605160031429593959e-02 1.906158036908285613e-01 2.930958962970775517e-01 2.634545126222939682e-02 1.119061170619439121e-03
1.163520560778078493e-02 9.792865166294532908e-02 9.157625617503989401e-02 6.741818957744927232e-02 1.485978018178604476e-01 3.827708572097552470e-02 3.746024896578942914e-02 1.888057875917646677e-01 2.913540355266377446e-01 2.582975537536728525e-02 1.116981978382179707e-03
1.156388027216959623e-02 9.748808374197553972e-02 8.984217515131798226e-02 7.392967324658090977e-02 1.452959884200754059e-01 4.007585593172162397e-02 3.930414396941924599e-02 1.867886999570028128e-01 2.893242301904714875e-01 2.527321304877949010e-02 1.114056070497472430e-03
1.148441038993898260e-02 9.696731515737089246e-02 8.805788131684862130e-02 8.066759961709707438e-02 1.420592398900929199e-01 4.180689812235263703e-02 4.158545992219185583e-02 1.845758464685403333e-01 2.870074618528127286e-01 2.467755742997630730e-02 1.110329832766034693e-03
1.139701243860495594e-02 9.636702007418432303e-02 8.622709429093264322e-02 8.761935957203741132e-02 1.388905726633564985e-01 4.345888187640063044e-02 4.430489610334465561e-02 1.821790768016972040e-01 2.844054914121803002e-01 2.404473907884002032e-02 1.105855688352367283e-03
1.130192331214604183e-02 9.568804456557548910e-02 8.435362202403888510e-02 9.477202845946508525e-02 1.357924009647850649e-01 4.502111955524101122e-02 4.746165643492342850e-02 1.796107191656983459e-01 2.815208681136593394e-01 2.337692523426426056e-02 1.100692170159129311e-03
1.119939988521018170e-02 9.493140647992183434e-02 8.244134893821214449e-02 1.021123981831338068e-01 1.327665509323480708e-01 4.648360890126887468e-02 5.105343555746997414e-02 1.768835131381373271e-01 2.783569358337927846e-01 2.267649817487449662e-02 1.094903975614892628e-03
1.108971852928103581e-02 9.409829487700373252e-02 8.049422378189509397e-02 1.096270090352670229e-01 1.298142776955803213e-01 4.783707256736482311e-02 5.507641113084249529e-02 1.740105411596121754e-01 2.749178365627901188e-01 2.194605265712371370e-02 1.088562003245342963e-03
1.097317458315823571e-02 9.319006903040034928e-02 7.851624725381137204e-02 1.173021811996828312e-01 1.269362852298855371e-01 4.907299439453646772e-02 5.952524244002378034e-02 1.710051590615919159e-01 2.712085110187687498e-01 2.118839241761971345e-02 1.081743370451954730e-03
1.085008178025434478e-02 9.220825699420921728e-02 7.651145945231577206e-02 1.251240458572086822e-01 1.241327487971880528e-01 5.018365227340628593e-02 6.439307535565894081e-02 1.678809260053579222e-01 2.672346963418397170e-01 2.040652573055403568e-02 1.074531411982287141e-03
1.072077163537754965e-02 9.115455373364109160e-02 7.448392720784802190e-02 1.330785758299771471e-01 1.214033397734161496e-01 5.116214743976454926e-02 6.967155366707689090e-02 1.646515342118548553e-01 2.630029208273145791e-01 1.960366001504036670e-02 1.067015658630570589e-03
1.058559279384512115e-02 9.003081882026595095e-02 7.243773135739978164e-02 1.411516157057272070e-01 1.187472526561295927e-01 5.200243007015169922e-02 7.535083677471579588e-02 1.613307388630220718e-01 2.585204956715465574e-01 1.878319549140726463e-02 1.059291795775974595e-03
1.044491034574325170e-02 8.883907369320828695e-02 7.037695401978416587e-02 1.493289113866874129e-01 1.161632340383384615e-01 5.269932105911156323e-02 8.141962369747515749e-02 1.579322885531619647e-01 2.537955037153895033e-01 1.794871788959310349e-02 1.051461601430165932e-03
1.029910510847218894e-02 8.758149848997004439e-02 6.830566593186739033e-02 1.575961390131463968e-01 1.136496133302803829e-01 5.324852987704793011e-02 8.786518331856099651e-02 1.544698566644712445e-01 2.488367851853756085e-01 1.710399021722167068e-02 1.043632863533343206e-03
1.014857288056045248e-02 8.626042845030686135e-02 6.622791390461446603e-02 1.659389332148496488e-01 1.112043350067633829e-01 5.364666842449408724e-02 9.467339076292821676e-02 1.509569740349697153e-01 2.436539204449977292e-01 1.625294359919346454e-02 1.035919276311685283e-03
9.993723669993620842e-03 8.487834989908286942e-02 6.414770845826207879e-02 1.743429146488710835e-01 1.088249921561099676e-01 5.389126081678324159e-02 1.018287697684686077e-01 1.474069632782966377e-01 2.382572097834695923e-01 1.539966720505399692e-02 1.028440315581330205e-03
9.834980900229512574e-03 8.343789581440698433e-02 6.206901169477317681e-02 1.827937167857648371e-01 1.065088611055555745e-01 5.398074905137150575e-02 1.093145408830077242e-01 1.438328751047486254e-01 2.326576502823087256e-01 1.454839728486003944e-02 1.021321092955742010e-03
9.672780597178231091e-03 8.194184098877756173e-02 5.999572546418673741e-02 1.912770119108609945e-01 1.042529368987620414e-01 5.391449452831273415e-02 1.171126752903042523e-01 1.402474269797346074e-01 2.268669098142894747e-01 1.370350533851985922e-02 1.014692188995540553e-03
9.507570560371034207e-03 8.039309679215131399e-02 5.793167988063432222e-02 1.997785363110333168e-01 1.020539694031397937e-01 5.369277541377735774e-02 1.252039540398740547e-01 1.366629444419206751e-01 2.208972982435020438e-01 1.286948544816816226e-02 1.008689465414361460e-03
9.339809521606706744e-03 7.879470554699867513e-02 5.588062224117523041e-02 2.082841146216914130e-01 9.990849982746560776e-02 5.331677985478573689e-02 1.335680324280951736e-01 1.330913053864587470e-01 2.147617359078781707e-01 1.205094080723829487e-02 1.003453856531153366e-03
9.169966294327812004e-03 7.714983452657558916e-02 5.384620639896110783e-02 2.167796833131167833e-01 9.781289743519692992e-02 5.278859507305588838e-02 1.421835092530461253e-01 1.295438876010392981e-01 2.084737194801403459e-01 1.125256948426935771e-02 9.991311402432697959e-04
8.998518916890527533e-03 7.546176958869781071e-02 5.183198263907391051e-02 2.252513132979788169e-01 9.576339624369323289e-02 5.211119238432319889e-02 1.510280006401303887e-01 1.260315198217812904e-01 2.020472853148869152e-01 1.047914946364727345e-02 9.958716888687514906e-04
8.825953792927469441e-03 7.373390845838688479e-02 4.984138810306248946e-02 2.336852316472792235e-01 9.375613150661786521e-02 5.128840820868606903e-02 1.600782181139966953e-01 1.225644365555776660e-01 1.954969704037004818e-01 9.735523009415034124e-03 9.938302002908715790e-04
8.652764831851728414e-03 7.196975367398025791e-02 4.787773780458852435e-02 2.420678424043381238e-01 9.178717578392571463e-02 5.032492115604213917e-02 1.693100505702743175e-01 1.191522368918731672e-01 1.888377710708767643e-01 9.026580402312460449e-03 9.931654099131353997e-04
8.479452592528424065e-03 7.017290521221752897e-02 4.594421627538840952e-02 2.503857464909443609e-01 8.985257441227545439e-02 4.922622528896607869e-02 1.786986497816350494e-01 1.158038475030142567e-01 1.820850995551223650e-01 8.357243103858014513e-03 9.940397840119828861e-04
8.306523433009253138e-03 6.834705280883923706e-02 4.404386987691613631e-02 2.586257607027802052e-01 8.794838019783682292e-02 4.799859968364182661e-02 1.882185190561562749e-01 1.125274900071330797e-01 1.752547386336108515e-01 7.732446404896704296e-03 9.966191951526529556e-04
8.134488669097088981e-03 6.649596799225979127e-02 4.217959980915719082e-02 2.667749357949183442e-01 8.607068716347561488e-02 4.664907442638693835e-02 1.978436046495707923e-01 1.093306528410820655e-01 1.683627944542124000e-01 7.157121619379872707e-03 1.001072580408782654e-03
7.963863744454560342e-03 6.462349584882950970e-02 4.035415584388094001e-02 2.748205736612004402e-01 8.421566319222456576e-02 4.518539320064612896e-02 2.075473895211074060e-01 1.062200677639435764e-01 1.614256477531469669e-01 6.636177887320813228e-03 1.007571583199778908e-03
7.795167414716219247e-03 6.273354653903927269e-02 3.857013080543476857e-02 2.827502436145674092e-01 8.237958142074164325e-02 4.361597263532868834e-02 2.173029890103317097e-01 1.032016910838182422e-01 1.544599036426143324e-01 6.174483653740170212e-03 1.016290179630282642e-03
7.628920948023548525e-03 6.083008658491501075e-02 3.682995581746571073e-02 2.905517977783660943e-01 8.055885024707955255e-02 4.194985860071765577e-02 2.270832480053929237e-01 1.002806896726149422e-01 1.474823401619771157e-01 5.776847893112078101e-03 1.027404290287870121e-03
7.465647344171606747e-03 5.891712994972381212e-02 3.513589632961941489e-02 2.982133856012407214e-01 7.875004182938846742e-02 4.019667965308404423e-02 2.368608391650864342e-01 9.746143180471786294e-02 1.405098557932467074e-01 5.448001151179930612e-03 1.041091378522874134e-03
7.305870574408446921e-03 5.699872893177832661e-02 3.349004893344081912e-02 3.057234675110646061e-01 7.694991896390264430e-02 3.836659784247238580e-02 2.466083617541234840e-01 9.474748282693801205e-02 1.335594161474396580e-01 5.192576478127088231e-03 1.057530036286324958e-03
7.150114843747047873e-03 5.507896489487579261e-02 3.189433897197259393e-02 3.130708277256820105e-01 7.515546024292253657e-02 3.647025711125911202e-02 2.562984406490471656e-01 9.214160563865045339e-02 1.266480000342752599e-01 5.015090328871182716e-03 1.076899558678490057e-03
6.998903877447127872e-03 5.316193885857369711e-02 3.035051894287681476e-02 3.202445862405395860e-01 7.336388340560012766e-02 3.451872952240672004e-02 2.659038250725563324e-01 8.964576593231032842e-02 1.197925451315041689e-01 4.919923507748711657e-03 1.099379508402487582e-03
6.852760233159673267e-03 5.125176197215236540e-02 2.886016769009885907e-02 3.272342100154371769e-01 7.157266680681034776e-02 3.252345956719742553e-02 2.753974866170917357e-01 8.726114211693954126e-02 1.130098934736506328e-01 4.911302236013227393e-03 1.125149271372415192e-03
6.712204639972938619e-03 4.935254589651326407e-02 2.742469037432683845e-02 3.340295233839529199e-01 6.977956894139850097e-02 3.049620681144702555e-02 2.847527161241564797e-01 8.498813981964575826e-02 1.063167369823432851e-01 4.993279421381154569e-03 1.154387604777768871e-03
6.577755365469695539e-03 4.746839311890399538e-02 2.604531920810389256e-02 3.406207177118052432e-01 6.798264597322156710e-02 2.844898714747007284e-02 2.939432189923475436e-01 8.282641083331349074e-02 9.972956326102361269e-02 5.169716209338122773e-03 1.187272178938285046e-03
1.000290037703248543e-02 9.342791234225758523e-02 1.035266318705827943e-01 7.280644353074406478e-04 1.898826485212545268e-01 1.477927861520795735e-02 7.977904444542981144e-02 1.820538919427017177e-01 2.970781788366635423e-01 2.764849794105481845e-02 1.092950672469209092e-03
1.006426587066779760e-02 9.413112224023309493e-02 1.031412115074419183e-01 1.630244318170686723e-03 1.876305736200838403e-01 1.594353306963374253e-02 7.542275613966381576e-02 1.840961916813564081e-01 2.991126499787088444e-01 2.772035051258501734e-02 1.107101061421588610e-03
1.011848859318965031e-02 9.476428271623006661e-02 1.026822607796004094e-01 2.890937042218141850e-03 1.853549066282957902e-01 1.726901519077870401e-02 7.126507582164073873e-02 1.858826447520776914e-01 3.009041599457753513e-01 2.774790037174054008e-02 1.120328158425761304e-03
1.016547831274130544e-02 9.532583878010725265e-02 1.021505979987264723e-01 4.507891197744473555e-03 1.830647194169533754e-01 1.874099503812272360e-02 6.732538704596614798e-02 1.874112371418777123e-01 3.024449485086907474e-01 2.773030359924830851e-02 1.132602959800243971e-03
1.020516127459217964e-02 9.581436635867193741e-02 1.015471874316010575e-01 6.478095212545210285e-03 1.807686375165473702e-01 2.034445754931953065e-02 6.362262028487394860e-02 1.886809664471800763e-01 3.037277350145711763e-01 2.766687308547601670e-02 1.143899824653325965e-03
1.023748057475940693e-02 9.622857747835610043e-02 1.008731372610482957e-01 8.797798620072037890e-03 1.784748056657581294e-01 2.206416372036562254e-02 6.017516840050379096e-02 1.896918312373007121e-01 3.047457531773767880e-01 2.755708714185665931e-02 1.154196722574297182e-03
1.026239648949952080e-02 9.656732515955407381e-02 1.001296970347917425e-01 1.146253460905004642e-02 1.761908569274554803e-01 2.388471271068519711e-02 5.700080338133656221e-02 1.904448157398269115e-01 3.054927847661781382e-01 2.740059770383726154e-02 1.163475477791893259e-03
1.027988675987746153e-02 9.682960800546878966e-02 9.931825460663805394e-02 1.446714373791511965e-02 1.739238854651006527e-01 2.579060461928013928e-02 5.411659474805459447e-02 1.909418699493634353e-01 3.059631920233846225e-01 2.719723807607985627e-02 1.171722008808710963e-03
1.028994683081370376e-02 9.701457446958969277e-02 9.844033257758785793e-02 1.780579869804025869e-02 1.716804230503697626e-01 2.776630367283941525e-02 5.153883003091071224e-02 1.911858852873706549e-01 3.061519486484367558e-01 2.694703017151653390e-02 1.178926562510012373e-03
1.029259004415060928e-02 9.712152678606982004e-02 9.749758424709580040e-02 2.147203001078437298e-02 1.694664193494443694e-01 2.979630156289111986e-02 4.928293771380698463e-02 1.911806659631634653e-01 3.060546691841157796e-01 2.665019119668105702e-02 1.185083941738158996e-03
1.028784778558431562e-02 9.714992454879849137e-02 9.649178908781846919e-02 2.545875254480041081e-02 1.672872260137724942e-01 3.186518066598031246e-02 4.736341303253511353e-02 1.909308962102568008e-01 3.056676366481060891e-01 2.630713973701164637e-02 1.190193725325407789e-03
1.027576958535263846e-02 9.709938792490672987e-02 9.542484775964525656e-02 2.975829274178403566e-02 1.651475845780924767e-01 3.395767687941362439e-02 4.579374700388909314e-02 1.904421035937854390e-01 3.049878282562544785e-01 2.591850119727842627e-02 1.194260479566792467e-03
1.025642317292555644e-02 9.696970049045901263e-02 9.429877668229645626e-02 3.436241644112122268e-02 1.630516181481853621e-01 3.605874180444215010e-02 4.458635904960522173e-02 1.897206186062191102e-01 3.040129390905205731e-01 2.548511255406963466e-02 1.197293960135164398e-03
1.022989448598081615e-02 9.676081167586710052e-02 9.311570218763765006e-02 3.926235719628277943e-02 1.610028268388800643e-01 3.815360400969258076e-02 4.375253356447486586e-02 1.887735307882286717e-01 3.027414035704527051e-01 2.500802637909248227e-02 1.199309303434315617e-03
1.019628763426475362e-02 9.647283881073953626e-02 9.187785427617994882e-02 4.444884497871954415e-02 1.590040869037283588e-01 4.022782910941639228e-02 4.330236076069378381e-02 1.876086416301064597e-01 3.011724145953338372e-01 2.448851409444699478e-02 1.200327206406286975e-03
1.015572481900586452e-02 9.610606875783798964e-02 9.058756000428516697e-02 4.991213516808564593e-02 1.570576534778870270e-01 4.226737839469472263e-02 4.324468210238015253e-02 1.862344145267631201e-01 2.993059402318253293e-01 2.392806842338791873e-02 1.200374093826076394e-03
1.010834620881997069e-02 9.566095912772414056e-02 8.924723653112803801e-02 5.564203773096330907e-02 1.551651668379750992e-01 4.425866575981972362e-02 4.358704062285410907e-02 1.846599220741949321e-01 2.971427378315211199e-01 2.332840500282058055e-02 1.199482272133323450e-03
1.005430977315344317e-02 9.513813906627902051e-02 8.785938385664135430e-02 6.162794649412080966e-02 1.533276620651529421e-01 4.618861267217490296e-02 4.433563639529051331e-02 1.828947910098444041e-01 2.946843654717818950e-01 2.269146312666537463e-02 1.197690068877440813e-03
9.993791074473941036e-03 9.453840960866174981e-02 8.642657728357312774e-02 6.785886842193034063e-02 1.515455819818667393e-01 4.804470094058813784e-02 4.549528740309197877e-02 1.809491451112339444e-01 2.919331906251373954e-01 2.201940559251881757e-02 1.195041956884471167e-03
9.926983020629283339e-03 9.386274359435373138e-02 8.495145963873593220e-02 7.432345281186983343e-02 1.498187932178610682e-01 4.981502304556849337e-02 4.706939603103415387e-02 1.788335463778684964e-01 2.888923959726139579e-01 2.131461762714716157e-02 1.191588662284495410e-03
9.854095578852001269e-03 9.311228513920004335e-02 8.343673329007023076e-02 8.101002032643560280e-02 1.481466052470641614e-01 5.148832980393468900e-02 4.905992137088017319e-02 1.765589348295020233e-01 2.855659822883193644e-01 2.057970487016193631e-02 1.187387255571450972e-03
9.775355453084964841e-03 9.228834866141749638e-02 8.188515199738886918e-02 8.790659178391137252e-02 1.465277922249411113e-01 5.305407515098935212e-02 5.146735750764949019e-02 1.741365672609508364e-01 2.819587683359087715e-01 1.981749039878550819e-02 1.182501224919724203e-03
9.691005726421463712e-03 9.139241746012088941e-02 8.029951263610311807e-02 9.500091663563862976e-02 1.449606174450790985e-01 5.450245783506359881e-02 5.429071792298410803e-02 1.715779552979062594e-01 2.780763877291179687e-01 1.903101078056467638e-02 1.177000531015049735e-03
9.601305470505239886e-03 9.042614184554834122e-02 7.868264683373726864e-02 1.022805010614930149e-01 1.434428602232852290e-01 5.582445983168735082e-02 5.752752612247052227e-02 1.688948031005879924e-01 2.739252827229654574e-01 1.822351114499682484e-02 1.170961642715500056e-03
9.506529323923238600e-03 8.939133682226978184e-02 7.703741256006721438e-02 1.097326356208489090e-01 1.419718450103078233e-01 5.701188129877154953e-02 6.117381256283979662e-02 1.660989450632563147e-01 2.695126949156274043e-01 1.739843926916090702e-02 1.164467552904759279e-03
9.406967041652766759e-03 8.828997932718717079e-02 7.536668571172609743e-02 1.173444224010810055e-01 1.405444725264267392e-01 5.805737190835570660e-02 6.522411792338225767e-02 1.632022838551205890e-01 2.648466528543653720e-01 1.655943867674643938e-02 1.157607773961974755e-03
9.302923017700102937e-03 8.712420502578561987e-02 7.367335173248627800e-02 1.251028016103537532e-01 1.391572527059477538e-01 5.895445840656068220e-02 6.967150273501385160e-02 1.602167291452801234e-01 2.599359565541790040e-01 1.571034075435466526e-02 1.150478312325051156e-03
9.194715783170590018e-03 8.589630467127357116e-02 7.196029730995671947e-02 1.329945775671771691e-01 1.378063392357803951e-01 5.969756826930965737e-02 7.450756334790906155e-02 1.571541373486071702e-01 2.547901589517231891e-01 1.485515589339089088e-02 1.143181621700912814e-03
9.082677482014137743e-03 8.460872003264494068e-02 7.023040218943926716e-02 1.410064440439837974e-01 1.364875654686566464e-01 6.028204933902251567e-02 7.972245418700507624e-02 1.540262527212782895e-01 2.494195443311052196e-01 1.399806367034129098e-02 1.135826534521777904e-03
8.967153326754269752e-03 8.326403939868315396e-02 6.848653114431788036e-02 1.491250089272871671e-01 1.351964814907124779e-01 6.070418534486707318e-02 8.530491621348791631e-02 1.508446501259241290e-01 2.438351037736046778e-01 1.314340208299479874e-02 1.128528171341547457e-03
8.848501036517476478e-03 8.186499266658324447e-02 6.673152614203112232e-02 1.573368181621353501e-01 1.339283921226316343e-01 6.096120722806154524e-02 9.124231147856823321e-02 1.476206797740420296e-01 2.380485076969335589e-01 1.229565586456162971e-02 1.121407827915973021e-03
8.727090259694886970e-03 8.041444602470082526e-02 6.496819874281134499e-02 1.656283789538217366e-01 1.326783956342220128e-01 6.105130021222793940e-02 9.752066362551523038e-02 1.443654142405680907e-01 2.320720755642259325e-01 1.145944390237773475e-02 1.114592839796535017e-03
8.603301983576410253e-03 7.891539624046167711e-02 6.319932276733722376e-02 1.739861822047106821e-01 1.314414229549329960e-01 6.097360657869610456e-02 1.041247041663451445e-01 1.410895980299944341e-01 2.259187428571339806e-01 1.063950579241379479e-02 1.108216424345474750e-03
8.477527933223986262e-03 7.737096456556304125e-02 6.142762726725274625e-02 1.823967241693759400e-01 1.302122771657916456e-01 6.072822412581386359e-02 1.110379243296402141e-01 1.378035999569922621e-01 2.196020254208431444e-01 9.840687565311589946e-03 1.102417500152215500e-03
8.350169961919871181e-03 7.578439027175172538e-02 5.965578983087489739e-02 1.908465273160244724e-01 1.289856730624989178e-01 6.031620031181301328e-02 1.182426322492992343e-01 1.345173685857887491e-01 2.131359813020047844e-01 9.067926624090085624e-03 1.097340483916501522e-03
8.221639435379582417e-03 7.415902383170278056e-02 5.788643025385017959e-02 1.993221603870036773e-01 1.277562765850159821e-01 5.973952210038886712e-02 1.257200152362594747e-01 1.312403909533355062e-01 2.065351702140285628e-01 8.326235938100607151e-03 1.093135064942923071e-03
8.092356611923083587e-03 7.249831976053427995e-02 5.612210460224775765e-02 2.078102576560834081e-01 1.265187439149543791e-01 5.900110154874770030e-02 1.334502068508666706e-01 1.279816547794931370e-01 1.998146107757420298e-01 7.620687541908154755e-03 1.089955957479717998e-03
7.962750020733964235e-03 7.080582913471120121e-02 5.436529969292540343e-02 2.162975373847556559e-01 1.252677600494125909e-01 5.810475719741556300e-02 1.414123584692924540e-01 1.247496143460153084e-01 1.929897356814937737e-01 6.956395391971059543e-03 1.087962631208487865e-03
7.833255840215078841e-03 6.908519180601462029e-02 5.261842801307031747e-02 2.247708194839338758e-01 1.239980766675238266e-01 5.705519134154318772e-02 1.495847150156250360e-01 1.215521602020764869e-01 1.860763449718237927e-01 6.338497637852332812e-03 1.087319020288223578e-03
7.704317278391425820e-03 6.734012832932464998e-02 5.088382309799646674e-02 2.332170423921490765e-01 1.227045491148020806e-01 5.585796328250892256e-02 1.579446945109751477e-01 1.183965928301299181e-01 1.790905575838024899e-01 5.772138368422654806e-03 1.088193211431011907e-03
7.576383957226243485e-03 6.557443162396368874e-02 4.916373538304860680e-02 2.416232791850373984e-01 1.213821723395266811e-01 5.451945867847644150e-02 1.664689710728300964e-01 1.152896003814399273e-01 1.720487613697741502e-01 5.262448897079437943e-03 1.090757111579340743e-03
7.449911302557258794e-03 6.379195838911135008e-02 4.746032854232377918e-02 2.499767529344895378e-01 1.200261156248665362e-01 5.304685513066720315e-02 1.751335609812814664e-01 1.122372405639939508e-01 1.649675617816248885e-01 4.814528653274885786e-03 1.095186095827040910e-03
7.325359941296663915e-03 6.199662029490723286e-02 4.577567632352066290e-02 2.582648513402417412e-01 1.186317559710567959e-01 5.144808416096612047e-02 1.839139114148331533e-01 1.092449267405963265e-01 1.578637294254907619e-01 4.433425750676890827e-03 1.101658636326504877e-03
7.203195107371220332e-03 6.019237497139585252e-02 4.411175988504689727e-02 2.664751406590074034e-01 1.171947099923012353e-01 4.973178975360986742e-02 1.927849914463754533e-01 1.063174182683344071e-01 1.507541466984431422e-01 4.124117305112181241e-03 1.110355912984043987e-03
7.083886057780243439e-03 5.838321681837369687e-02 4.247046563774110189e-02 2.745953789594312577e-01 1.157108642036071278e-01 4.790728365054565396e-02 2.017213848800236686e-01 1.034588150838110787e-01 1.436557537239138427e-01 3.891489577895125562e-03 1.121461406846221672e-03
6.967905499976029260e-03 5.657316765988573692e-02 4.085358359068202994e-02 2.826135287348903735e-01 1.141764035847199904e-01 4.598449760619475329e-02 2.106973845026406389e-01 1.006725565134723444e-01 1.365854938080034997e-01 3.740318022354300557e-03 1.135160477139413992e-03
6.855729031651870004e-03 5.476626726767199610e-02 3.926280619654140547e-02 2.905177689069330382e-01 1.125878383184071296e-01 4.397393282216995047e-02 2.196870873176234307e-01 9.796142426125500902e-02 1.295602586414305035e-01 3.675247313247805275e-03 1.151639923013930353e-03
6.747834593881827693e-03 5.296656377848100311e-02 3.769972768907562527e-02 2.982965062555361646e-01 1.109420286127394267e-01 4.188660679639201467e-02 2.286644903267064377e-01 9.532754950083327516e-02 1.225968334748744337e-01 3.700771440310371765e-03 1.171087531106626686e-03
6.644701938351912918e-03 5.117810403060902430e-02 3.616584390173289282e-02 3.059383863135290427e-01 1.092362075274533606e-01 3.973399783427306042e-02 2.376035864245267526e-01 9.277242397468188351e-02 1.157118424963703013e-01 3.821213948336428436e-03 1.193691610111712650e-03
6.546812109346682694e-03 4.940492384551903315e-02 3.466255255327983092e-02 3.134323037637963827e-01 1.074680017363121853e-01 3.752798748093958553e-02 2.464784599724781922e-01 9.029691497800063082e-02 1.089216946395553526e-01 4.040708407109900972e-03 1.219640513607612737e-03
6.454646940924353704e-03 4.765103828063786684e-02 3.319115398316810350e-02 3.207674123797072396e-01 1.056354501682702507e-01 3.528080114434752751e-02 2.552633816227798391e-01 8.790128408211822508e-02 1.022425300506601964e-01 4.363179194919832027e-03 1.249122152459666065e-03
8.509969816716768040e-03 9.158358733506385962e-02 9.641566320454370009e-02 1.140288776311692626e-04 1.738940586324641269e-01 1.739712007209708033e-02 1.069931526138680894e-01 1.727164858497826916e-01 3.045648204646321244e-01 2.667907651856848278e-02 1.132036614610149126e-03
8.570156672500514258e-03 9.226985644737049908e-02 9.624787776750085011e-02 7.086539278225272868e-06 1.727682496142268487e-01 1.847501996797270424e-02 1.022625049318392765e-01 1.749608383420700741e-01 3.065868364997810791e-01 2.670281302797382697e-02 1.148760189494717632e-03
8.624686271161223147e-03 9.288780853243865099e-02 9.602223733573210518e-02 2.524805656209527663e-04 1.716549048777821218e-01 1.973269147510070889e-02 9.764840283298693857e-02 1.769763364311628395e-01 3.083542340141743887e-01 2.668162887451717286e-02 1.164588789323519561e-03
8.673481297181357894e-03 9.343599113766737352e-02 9.573910729878815085e-02 8.495434669978994650e-04 1.705615379132706388e-01 2.115549769044187609e-02 9.317071494651575636e-02 1.787604680020582759e-01 3.098593857631996018e-01 2.661478519455327124e-02 1.179487289332985201e-03
8.716477658637703657e-03 9.391308416205472465e-02 9.539894395219992995e-02 1.796879904108711215e-03 1.694951406205425781e-01 2.272843823677462433e-02 8.884909333789227370e-02 1.803116181201959989e-01 3.110951923727833246e-01 2.650170801127070541e-02 1.193423623515780553e-03
8.753624819610960478e-03 9.431790484454019574e-02 9.500229348526034734e-02 3.092385810575918898e-03 1.684621513826104755e-01 2.443620884091900550e-02 8.470288913769823125e-02 1.816290589984840276e-01 3.120551167195348974e-01 2.634199691495604095e-02 1.206369045763065317e-03
8.784886100120773214e-03 9.464941244805193110e-02 9.454979068764463035e-02 4.733268714028702161e-03 1.674684267878967514e-01 2.626326225406006368e-02 8.075106854697830516e-02 1.827129358254807601e-01 3.127332169383362781e-01 2.613543330815986526e-02 1.218298389253945953e-03
8.810238942968137352e-03 9.490671262244360085e-02 9.404215737769559824e-02 6.716069134763260305e-03 1.665192170908277314e-01 2.819387027131886603e-02 7.701212962028944342e-02 1.835642485634871313e-01 3.131241778879918503e-01 2.588198816505218186e-02 1.229190323098524511e-03
8.829675147078212827e-03 9.508906143029233204e-02 9.348020055711010745e-02 9.036682941544400480e-03 1.656191454776322902e-01 3.021218660012140247e-02 7.350402022822202786e-02 1.841848298474817458e-01 3.132233409102044286e-01 2.558182925506359562e-02 1.239027605227293162e-03
8.843201067021116274e-03 9.519586902024357311e-02 9.286481029833386358e-02 1.169038454519736280e-02 1.647721911830909436e-01 3.230231032005020236e-02 7.024405759799792759e-02 1.845773191357495679e-01 3.130267317200557398e-01 2.523532778174820967e-02 1.247797330494017061e-03
8.850837778572189646e-03 9.522670293393616092e-02 9.219695737297396720e-02 1.467185081203956250e-02 1.639816764816700578e-01 3.444834967171559598e-02 6.724884982780110487e-02 1.847451332847369065e-01 3.125310862741756956e-01 2.484306438937168224e-02 1.255491172957900461e-03
8.852621210294156842e-03 9.518129103284737880e-02 9.147769063104654874e-02 1.797518558118797044e-02 1.632502575555404012e-01 3.663448590730388615e-02 6.453421976329451470e-02 1.846924337387946535e-01 3.117338744673456286e-01 2.440583449101652036e-02 1.262105621288912806e-03
8.848602241274055105e-03 9.505952403295556130e-02 9.070813414266677699e-02 2.159394467234113449e-02 1.625799192212462607e-01 3.884503693263321317e-02 6.211513161604771682e-02 1.844240905438143951e-01 3.106333215167850770e-01 2.392465287394962559e-02 1.267642206246242555e-03
8.838846765259167695e-03 9.486145763586101287e-02 8.988948411534557204e-02 2.552116127315963434e-02 1.619719734765824870e-01 4.106452046857218124e-02 6.000562069323354952e-02 1.839456434111097216e-01 3.092284269015441733e-01 2.340075754010514930e-02 1.272107719167952372e-03
8.823435721628174883e-03 9.458731424629235329e-02 8.902300560167764054e-02 2.974937159921795665e-02 1.614270618100438759e-01 4.327771645876134915e-02 5.821872659417647033e-02 1.832632600728465178e-01 3.075189807332187053e-01 2.283561274169849595e-02 1.275514420418297559e-03
8.802465093683422767e-03 9.423748426689687596e-02 8.811002901340170279e-02 3.427064072250688570e-02 1.609451611961917328e-01 4.546972845152217474e-02 5.676643021499425817e-02 1.823836921847915293e-01 3.055055774443729000e-01 2.223091117483139839e-02 1.277880236742961941e-03
8.776045874931744789e-03 9.381252696245519218e-02 8.715194645957891062e-02 3.907658846912136913e-02 1.605255936832361563e-01 4.762604368552535161e-02 5.565959488505424491e-02 1.813142290449739624e-01 3.031896266920024452e-01 2.158857529656876134e-02 1.279228946493594964e-03
8.744304004128591185e-03 9.331317088694193740e-02 8.615020792728779464e-02 4.415841529078631811e-02 1.601670394616761528e-01 4.973259161206965845e-02 5.490791194000282233e-02 1.800626494071747297e-01 3.005733613840947949e-01 2.091075773414356742e-02 1.279590351695377402e-03
8.707380269930963673e-03 9.274031386788994524e-02 8.510631732474525923e-02 4.950692801976500773e-02 1.598675532878672811e-01 5.177580059155616199e-02 5.451985101558065594e-02 1.786371716785456198e-01 2.976598427498924893e-01 2.019984075823953382e-02 1.279000435951322106e-03
8.665430186178310623e-03 9.209502254406193300e-02 8.402182840767261074e-02 5.511256542177884327e-02 1.596245841212066974e-01 5.374265250744903605e-02 5.450261532382127960e-02 1.770464027973336352e-01 2.944529623874317936e-01 1.945843479584392216e-02 1.277501507205886346e-03
8.618623838853464725e-03 9.137853145341745531e-02 8.289834061005668664e-02 6.096542346680157431e-02 1.594349978204994689e-01 5.562073504836096555e-02 5.486210214903207427e-02 1.752992860929906971e-01 2.909574412337249116e-01 1.868937596179017641e-02 1.275142324400944417e-03
8.567145705887119558e-03 9.059224166985029025e-02 8.173749480179487437e-02 6.705528024309023727e-02 1.592951027328189939e-01 5.739829141726958406e-02 5.560286877613068723e-02 1.734050484351523924e-01 2.871788254187475076e-01 1.789572259217154376e-02 1.271978207112718900e-03
8.511194451072179312e-03 8.973771898853834250e-02 8.054096899550124145e-02 7.337162044590977983e-02 1.592006779968788976e-01 5.906426723676861529e-02 5.672810403619861497e-02 1.713731469792780238e-01 2.831234789757750003e-01 1.708075076674190479e-02 1.268071127273153343e-03
8.450982693372816740e-03 8.881669166073030697e-02 7.931047402552907077e-02 7.990365937801421903e-02 1.591470043735362383e-01 6.060835443020268221e-02 5.823960562763253607e-02 1.692132158185261637e-01 2.787985733984224002e-01 1.624794881185959855e-02 1.263489782132419395e-03
8.386736753025324925e-03 8.783104768066506141e-02 7.804774922197646458e-02 8.664036640531160016e-02 1.591288974068585105e-01 6.202103187068185725e-02 6.013776334099637383e-02 1.669350128477437578e-01 2.742120740453699579e-01 1.540101077967391541e-02 1.258309647656364726e-03
8.318696375849301758e-03 8.678283162818120622e-02 7.675455810273439095e-02 9.357048781754988276e-02 1.591407427128677665e-01 6.329360260343926126e-02 6.242154828730928778e-02 1.645483671443017382e-01 2.693727234120862346e-01 1.454382890401007510e-02 1.252613011607804205e-03
8.247114437245267604e-03 8.567424107217649909e-02 7.543268410609850483e-02 1.006825690499298376e-01 1.591765331859346655e-01 6.441822746127172372e-02 6.508850819868601534e-02 1.620631271632127224e-01 2.642900213019555578e-01 1.368048503787312568e-02 1.246488985610444628e-03
8.172256627361510969e-03 8.450762254121846340e-02 7.408392638605210134e-02 1.079649762283153985e-01 1.592299079088328739e-01 6.538795490834752033e-02 6.813476883989200150e-02 1.594891100380239901e-01 2.589742019441599874e-01 1.281524108224528329e-02 1.240033495547696821e-03
8.094401118978945819e-03 8.328546706923767307e-02 7.271009569205552636e-02 1.154059170070444312e-01 1.592941925486575927e-01 6.619674696416674720e-02 7.155504153820187174e-02 1.568360522696490844e-01 2.534362081216672835e-01 1.195252842059132438e-02 1.233349249716556148e-03
8.013838219625629006e-03 8.201040532503905967e-02 7.131301035378710684e-02 1.229934606750208714e-01 1.593624410183043794e-01 6.683950107659088202e-02 7.534263680857142265e-02 1.541135620745050505e-01 2.476876623860009563e-01 1.109693637832166735e-02 1.226545684218404699e-03
7.930870009466350901e-03 8.068520233632013594e-02 6.989449239084261079e-02 1.307155575120508284e-01 1.594274781822042075e-01 6.731206783104085045e-02 7.948948401937974695e-02 1.513310736512853694e-01 2.417408354510679203e-01 1.025319973120405841e-02 1.219738885130900808e-03
7.845809966503428101e-03 7.931275181941278840e-02 6.845636376598393524e-02 1.385600573841288263e-01 1.594819433850453438e-01 6.761126440202927523e-02 8.398615701457466665e-02 1.484978036118413947e-01 2.356086118717472255e-01 9.426185291603389124e-03 1.213051487089866418e-03
7.758982580575776028e-03 7.789607012784369178e-02 6.700044279939505742e-02 1.465147275722895881e-01 1.595183345830295252e-01 6.773488367213433003e-02 8.882190557704730538e-02 1.456227098058625880e-01 2.293044531276585141e-01 8.620877606179308886e-03 1.206612547971139520e-03
7.670722957664211430e-03 7.643828983362817298e-02 6.552854075970197811e-02 1.545672698364252695e-01 1.595290528594443258e-01 6.768169896417478015e-02 9.398469258908787038e-02 1.427144527528465268e-01 2.228423582442268236e-01 7.842363803302053113e-03 1.200557399448495431e-03
7.581376415927551862e-03 7.494265295654133074e-02 6.404245864637531094e-02 1.627053367210337109e-01 1.595064471095934133e-01 6.745146435225936321e-02 9.946123671711221137e-02 1.397813598763111842e-01 2.162368220982741063e-01 7.095817633270893113e-03 1.195027473284772683e-03
7.491298074889701612e-03 7.341250385773676057e-02 6.254398417600837146e-02 1.709165471159355409e-01 1.594428586837305373e-01 6.704491053838056158e-02 1.052370604201919857e-01 1.368313927163112842e-01 2.095027915648171035e-01 6.386482748744050017e-03 1.190170103288528281e-03
7.400852439092810153e-03 7.185128181507685619e-02 6.103488898336253965e-02 1.791885010908763065e-01 1.593306657820195982e-01 6.646373630233212704e-02 1.112965430553759932e-01 1.338721172759420042e-01 2.026556196755762707e-01 5.719655277374449502e-03 1.186138302965592277e-03
7.310412977542563896e-03 7.026251329883938246e-02 5.951692604618932791e-02 1.875087940277654630e-01 1.591623274009568711e-01 6.571059555360966864e-02 1.176229788280272193e-01 1.309106776364855618e-01 1.957110179688169582e-01 5.100665742769311221e-03 1.183090518973027886e-03
7.220361700101561586e-03 6.864980396708930677e-02 5.799182734073103640e-02 1.958650300801109689e-01 1.589304266372684737e-01 6.478908003513311753e-02 1.241986393109714565e-01 1.279537729535234203e-01 1.886850072204085682e-01 4.534860394055650890e-03 1.181190360573994421e-03
7.131088732022861434e-03 6.701683040135186786e-02 5.646130173289039267e-02 2.042448349933653207e-01 1.586277131623837766e-01 6.370369774989895206e-02 1.310048402347772090e-01 1.250076379245332325e-01 1.815938667552568220e-01 4.027582008178283608e-03 1.180606305387937004e-03
7.042991887628101411e-03 6.536733160382839081e-02 5.492703310779092907e-02 2.126358683247417947e-01 1.582471446884990418e-01 6.245984720215057295e-02 1.380220122306732300e-01 1.220780267946239284e-01 1.744540825455073441e-01 3.584150232688298673e-03 1.181511381814537992e-03
6.956476244121044192e-03 6.370510027834606903e-02 5.339067873855647683e-02 2.210258351051733461e-01 1.577819272555067709e-01 6.106378756546920750e-02 1.452297751893559807e-01 1.191702009446480026e-01 1.672822943099371573e-01 3.209841540280699689e-03 1.184082828603633987e-03
6.871953716377525098e-03 6.203397391803812388e-02 5.185386789274056690e-02 2.294024969891241827e-01 1.572255541765051612e-01 5.952260490972675899e-02 1.526070158813876421e-01 1.162889200812531887e-01 1.600952418332843297e-01 2.909868869370947977e-03 1.188501732143155791e-03
